1053.6199,-1180.3923
1050.504,-1180.1271
1047.4851,-1180.0739
1044.3705,-1179.8093
1041.352,-1179.7568
1038.334,-1179.7046
1035.7866,-1180.7106
1032.6737,-1180.4478
1029.7491,-1180.6088
1026.8247,-1180.7704
1023.6247,-1180.2988
1020.703,-1180.4624
1017.60034,-1180.2046
1014.5915,-1180.1593
1011.4951,-1179.9042
1008.4918,-1179.8618
1005.4915,-1179.8207
1002.4943,-1179.7814
999.50055,-1179.7438
996.5976,-1179.9186
993.6108,-1179.8848
990.54193,-1179.6423
987.9068,-1180.4546
984.4206,-1179.1647
981.9607,-1180.4015
978.9945,-1180.3783
975.94904,-1180.1469
972.8258,-1179.7079
970.03937,-1180.1117
966.92664,-1179.6771
963.98315,-1179.6649
960.96265,-1179.4451
958.0275,-1179.4373
955.09625,-1179.4314
952.00977,-1179.0085
938.43945,-1150.7579
935.9635,-1151.7665
929.85645,-1143.0266
917.8746,-1118.293
915.0428,-1118.1249
911.66223,-1116.4468
908.0894,-1114.2117
905.2094,-1113.8627
902.60284,-1114.2666
899.7291,-1113.9207
896.8594,-1113.5765
894.58716,-1114.9233
891.8519,-1114.9572
894.5306,-1130.5989
896.9404,-1145.6643
891.9867,-1139.4056
890.8717,-1144.3499
887.68,-1143.2048
886.4824,-1147.9827
884.2157,-1149.6099
881.2214,-1149.055
879.2785,-1151.6837
877.0687,-1153.5244
874.2706,-1153.5703
872.7025,-1157.427
870.5455,-1159.4901
866.6552,-1156.1213
862.5377,-1151.9773
860.319,-1153.8278
855.1908,-1146.3431
852.1846,-1145.6149
849.3055,-1145.2832
814.5895,-1040.0725
811.832,-1039.3313
808.4955,-1036.6339
805.65924,-1035.576
803.1653,-1035.6593
800.62585,-1035.5814
797.94794,-1035.0178
795.46155,-1035.1055
793.116,-1035.6816
790.49445,-1035.285
787.9681,-1035.2147
785.4442,-1035.1458
782.9229,-1035.0784
780.4485,-1035.1746
777.9759,-1035.2722
775.50494,-1035.3712
772.99243,-1035.3096
770.74023,-1036.2222
768.40094,-1036.8124
766.06134,-1037.4045
763.5531,-1037.348
761.13055,-1037.6179
758.58496,-1037.4017
756.1242,-1037.5118
753.8274,-1038.2737
751.3683,-1038.3867
748.8309,-1038.1759
747.6856,-1043.6821
745.5759,-1045.2786
744.09375,-1049.5271
769.6801,-1168.2961
766.8453,-1168.0112
764.5317,-1169.9609
761.60504,-1169.273
758.9148,-1169.6028
756.86774,-1172.7854
753.9451,-1172.1005
751.6141,-1174.0708
749.0088,-1174.8196
746.22516,-1174.7523
743.3562,-1174.2783
740.8389,-1175.4429
736.9902,-1170.2859
731.55566,-1157.3756
729.0679,-1158.5175
725.85016,-1156.0845
722.88586,-1154.8499
720.244,-1155.2012
717.8755,-1156.9423
714.9619,-1155.9109
712.8945,-1159.2482
712.81555,-1173.1024
710.1031,-1173.2686
707.3919,-1173.4369
704.8317,-1174.4226
702.23224,-1175.2076
698.1738,-1167.8737
695.30164,-1167.0424
692.7169,-1167.8254
688.98615,-1161.9861
686.3092,-1162.1681
682.6962,-1156.7847
679.86865,-1155.9811
677.4677,-1157.7522
674.8366,-1158.1403
672.30035,-1159.1261
669.44904,-1158.1296
667.5296,-1163.1029
664.98145,-1164.1018
663.15936,-1169.933
660.7469,-1171.9581
657.9413,-1171.3551
655.8433,-1175.6259
653.32446,-1177.0618
650.14404,-1173.8141
645.5184,-1159.9703
642.75366,-1159.3916
640.0987,-1159.6088
637.3138,-1158.8367
634.63586,-1158.8599
632.1101,-1160.0748
629.72955,-1162.4886
629.30396,-1180.9186
628.4852,-1196.7415
625.70514,-1196.5629
623.04913,-1197.439
620.3186,-1197.6863
617.541,-1197.515
614.927,-1198.8214
612.1952,-1199.0764
609.44116,-1199.123
606.8404,-1200.6512
604.06354,-1200.4912
601.3928,-1201.3918
598.67834,-1201.8721
595.8829,-1201.5074
593.2071,-1202.4166
590.452,-1202.4808
587.71625,-1202.7596
585.05286,-1203.8906
582.2614,-1203.5375
579.7318,-1206.3788
576.938,-1206.0293
574.19574,-1206.3221
571.5809,-1208.3267
568.8339,-1208.6255
566.07135,-1208.713
563.397,-1210.0886
560.63226,-1210.1814
557.88153,-1210.4913
555.1169,-1210.5895
552.35236,-1210.6902
549.62506,-1211.4376
546.84753,-1211.3289
544.0825,-1211.4374
541.3724,-1212.6239
538.6051,-1212.7379
535.83777,-1212.8545
533.0704,-1212.9739
530.29376,-1212.8807
527.5527,-1213.6516
524.784,-1213.7792
522.0074,-1213.6937
519.25336,-1214.2578
516.4835,-1214.3936
513.70703,-1214.3162
510.93112,-1214.2416
508.17218,-1214.8168
505.406,-1215.1794
502.6248,-1214.8969
499.87363,-1216.1295
497.10645,-1216.7173
494.33054,-1216.8754
491.57852,-1218.9883
488.80634,-1220.022
486.01898,-1219.7539
483.2422,-1221.0123
480.45654,-1221.4033
477.66962,-1222.0155
474.8801,-1222.6311
472.0884,-1223.0315
469.29984,-1222.3423
466.5069,-1222.7479
463.71213,-1223.1569
460.91788,-1223.3501
458.12265,-1223.5461
455.31982,-1224.1831
452.52164,-1224.385
449.7309,-1224.1519
446.8984,-1225.8947
444.0894,-1226.3254
441.27255,-1226.9794
438.4218,-1228.7385
435.59637,-1229.4005
432.81763,-1228.5208
430.0271,-1228.0854
427.21393,-1228.3143
424.39938,-1228.5461
421.6105,-1228.1193
418.7946,-1228.3566
415.95728,-1229.0383
413.12698,-1229.5026
410.3161,-1229.528
407.4932,-1229.7773
404.6568,-1230.2507
401.81778,-1230.7275
398.989,-1230.9858
396.15854,-1231.2473
393.29858,-1231.9552
390.44928,-1232.4447
387.61203,-1232.7156
384.75757,-1233.2115
381.9003,-1233.7108
379.0891,-1233.5459
376.22745,-1234.0514
373.3975,-1234.1149
370.61987,-1233.5135
367.75272,-1234.0277
364.92004,-1234.0997
362.12473,-1233.7296
359.27097,-1234.0302
356.49594,-1233.4431
353.63977,-1233.7494
350.80255,-1233.836
347.964,-1233.9257
345.10196,-1234.2408
342.23755,-1234.5591
339.4402,-1234.2118
336.59607,-1234.313
333.75046,-1234.4172
330.87872,-1234.7473
328.02954,-1234.8573
325.22992,-1234.5242
322.35245,-1234.8632
319.4989,-1234.9819
316.69772,-1234.6571
313.8142,-1235.0049
311.06793,-1234.2396
308.20987,-1234.3699
305.321,-1234.726
302.5765,-1233.9694
299.65448,-1234.5543
296.7894,-1234.6959
294.13855,-1233.2787
291.21024,-1233.8716
288.40533,-1233.5753
285.53564,-1233.728
282.5982,-1234.3301
279.82327,-1233.8187
276.91388,-1234.2032
274.0356,-1234.3674
271.2247,-1234.0874
268.2723,-1234.7042
265.4588,-1234.4298
262.57233,-1234.6051
259.6467,-1235.0072
256.86682,-1234.5171
253.97412,-1234.7009
251.04066,-1235.1115
248.18124,-1235.077
245.28099,-1235.2694
242.53723,-1234.5686
239.71426,-1234.3185
236.8092,-1234.5188
234.06628,-1233.8265
231.19955,-1233.8082
228.33105,-1233.7928
225.46083,-1233.7802
222.54558,-1233.9939
219.75856,-1233.539
216.79503,-1233.982
213.7381,-1234.8768
210.99173,-1234.205
208.0179,-1234.6571
205.13246,-1234.6635
202.24507,-1234.6724
199.26115,-1235.133
196.60733,-1234.0253
193.66713,-1234.2665
190.57747,-1235.1843
188.0725,-1233.4111
185.02657,-1234.1088
182.07574,-1234.3608
179.3753,-1233.4933
176.31816,-1234.1992
173.51437,-1233.7855
170.55357,-1234.048
167.48383,-1234.763
164.67522,-1234.3564
161.70477,-1234.6272
158.78526,-1234.6757
155.80844,-1234.9518
152.8281,-1235.2307
150.23538,-1233.9366
147.36432,-1233.7701
144.43486,-1233.8312
141.61751,-1233.445
138.68388,-1233.5109
135.68925,-1233.8042
132.80865,-1233.6501
129.80754,-1233.9487
126.922485,-1233.7996
123.914795,-1234.1033
120.7811,-1234.861
118.13379,-1233.817
114.930244,-1234.805
111.90731,-1235.1196
109.637215,-1232.7301
106.422165,-1233.724
103.64826,-1233.1433
100.68071,-1233.2411
97.514725,-1234.0181
94.73637,-1233.4438
91.69339,-1233.7747
88.57945,-1234.334
85.66206,-1234.2179
82.60695,-1234.5563
79.68436,-1234.4448
76.69074,-1234.5618
73.624565,-1234.9073
71.1134,-1233.445
68.04314,-1233.7943
65.1104,-1233.6935
62.24694,-1233.3687
59.166542,-1233.7244
56.299282,-1233.4034
53.21188,-1233.7637
50.0465,-1234.3527
47.320484,-1233.5845
44.072914,-1234.4044
41.270004,-1233.8662
38.693657,-1232.6509
35.358833,-1233.7025
32.63004,-1232.9435
29.593254,-1233.0928
26.319706,-1233.9247
23.666235,-1232.944
20.383875,-1233.7797
17.253584,-1234.1641
14.358774,-1233.8691
11.140466,-1234.4851
8.159892,-1234.4211
5.4217496,-1233.677
2.0270214,-1234.7539
-0.30046305,-1232.8766
-3.3706434,-1233.047
-6.4443755,-1233.2195
-9.437445,-1233.1666
-12.602613,-1233.5704
-15.51638,-1233.2938
-18.603403,-1233.4741
-21.953619,-1234.34
-24.614315,-1233.3851
-27.973982,-1234.255
-30.547323,-1233.0758
-33.38407,-1232.5823
-36.75602,-1233.4572
-39.596886,-1232.9669
-42.7994,-1233.39
-46.007084,-1233.8156
-48.85419,-1233.33
-52.25417,-1234.2161
-55.384064,-1234.4191
-58.238697,-1233.938
-61.563198,-1234.6019
-64.04572,-1233.2092
-66.9047,-1232.7332
-70.0507,-1232.9438
-73.10564,-1232.9279
-76.35709,-1233.3706
-79.42067,-1233.3577
-82.5857,-1233.5754
-85.95231,-1234.2532
-88.832436,-1233.7866
-92.111885,-1234.2385
-95.49797,-1234.9222
-97.68592,-1232.8542
-100.67643,-1232.6228
-104.07597,-1233.3094
-107.07513,-1233.0806
-110.48763,-1233.7708
-113.49415,-1233.5443
-116.71047,-1233.7781
-120.244415,-1234.7031
-122.94482,-1233.7893
-126.27667,-1234.2562
-129.61285,-1234.7244
-131.67206,-1232.4329
-135.54436,-1234.0505
-138.23941,-1233.1392
-141.36412,-1233.1482
-144.81609,-1233.8479
-147.7233,-1233.3969
-151.17873,-1234.0974
-154.52625,-1234.5682
-157.31752,-1233.8854
-160.77614,-1234.5865
1475.1218,-962.57654
1473.94,-965.4041
1472.2711,-966.9723
1475.6414,-981.9752
1473.8582,-983.3524
1477.5469,-999.5064
1475.1866,-999.437
1472.8301,-999.3687
1477.0765,-1017.47577
1474.9558,-1018.1687
1473.7607,-1021.4478
1476.1207,-1034.7617
1474.1554,-1036.0059
1478.2952,-1054.6721
1475.6677,-1054.1565
1473.6682,-1055.4417
1477.2872,-1073.1086
1475.2056,-1074.2908
1474.492,-1079.5255
1476.8033,-1093.8365
1474.7343,-1095.2083
1478.3615,-1113.8068
1476.0533,-1114.602
1473.4415,-1114.4685
1477.3722,-1134.546
1474.869,-1134.8827
1472.933,-1136.9946
1476.9921,-1158.0873
1474.4929,-1158.599
1478.8861,-1181.2347
1476.5548,-1182.46
1473.5228,-1181.4108
1476.9946,-1201.701
1473.8054,-1200.2484
1469.4991,-1195.0337
1466.2937,-1193.4288
1464.6274,-1197.0087
1457.4059,-1181.6332
1453.967,-1179.0397
1452.1936,-1182.187
1448.1317,-1177.3466
1445.763,-1178.4058
1443.6356,-1180.3347
1440.6842,-1179.3197
1438.0751,-1179.5195
1443.9717,-1210.857
1445.7139,-1227.3821
1441.3878,-1221.5908
1433.2864,-1201.4915
1430.3065,-1200.4414
1427.0094,-1198.1462
1423.5,-1194.9768
1420.8754,-1195.1892
1419.0203,-1198.4257
1416.4824,-1198.998
1412.8821,-1195.3057
1410.2673,-1195.5254
1407.3953,-1194.6854
1406.465,-1201.8445
1404.7021,-1205.6593
1401.9446,-1205.3461
1398.3505,-1201.4526
1396.11,-1203.2927
1393.7822,-1204.7802
1389.7825,-1198.9452
1387.1809,-1199.1815
1383.9884,-1196.7628
1380.309,-1192.0764
1377.7301,-1192.3185
1374.3977,-1189.0695
1371.458,-1187.5769
1369.0059,-1188.3453
1366.7347,-1189.9863
1364.2789,-1190.7605
1362.3945,-1194.336
1360.3574,-1197.2283
1357.8529,-1197.8381
1355.174,-1197.5687
1354.6147,-1208.1414
1351.6405,-1206.4348
1347.798,-1200.1227
1344.9264,-1198.8011
1342.1948,-1198.1893
1339.3395,-1196.8782
1336.5886,-1196.0984
1333.5623,-1193.7504
1331.3843,-1196.1235
1329.0763,-1197.8042
1325.6174,-1192.842
1323.1049,-1193.2975
1320.6509,-1194.1033
1318.0803,-1194.2144
1315.6251,-1195.0243
1312.9442,-1194.4424
1310.3512,-1194.3851
1307.7606,-1194.33
1305.0656,-1193.5818
1302.5605,-1194.0518
1300.0297,-1194.35
1297.5507,-1194.9977
1295.197,-1196.5186
1292.2435,-1193.8671
1289.4275,-1192.0951
1286.9319,-1192.5751
1286.506,-1208.3104
1284.0,-1208.9801
1281.0273,-1206.1031
1278.4586,-1206.2438
1276.0482,-1207.6257
1273.8552,-1210.7911
1271.1503,-1209.8693
1268.6008,-1210.1954
1267.149,-1219.8505
1265.2302,-1225.8175
1261.3992,-1215.1154
1258.4072,-1211.5203
1256.0338,-1213.4615
1252.9918,-1209.1744
1250.2494,-1207.5676
1247.7677,-1208.4392
1244.6888,-1203.3247
1242.1135,-1203.1431
1239.1931,-1199.3008
1236.4222,-1196.8716
1234.1184,-1199.474
1231.3153,-1196.531
1228.4543,-1192.7484
1225.9003,-1192.4141
1222.9456,-1187.1365
1220.5029,-1188.0001
1217.9006,-1186.8276
1215.0646,-1182.455
1212.6915,-1184.1604
1209.9558,-1180.8206
1207.4089,-1180.0085
1204.9225,-1180.0358
1202.3196,-1178.2284
1199.8394,-1178.2596
1197.3604,-1178.2928
1194.9015,-1178.6609
1192.4606,-1179.3645
1189.9473,-1178.736
1187.5055,-1179.4427
1185.0941,-1180.8202
1182.47,-1177.6971
1180.0585,-1179.0734
1177.6074,-1179.6204
1175.1089,-1179.0029
1172.664,-1179.7196
1170.1995,-1179.9386
1167.7241,-1179.8259
1165.2555,-1179.8817
1162.75,-1178.6088
1160.286,-1178.6682
1157.8306,-1179.0616
1155.3708,-1179.2908
1152.9208,-1180.0204
1150.4342,-1178.7576
1147.9839,-1179.4899
1145.5376,-1180.7236
1143.0468,-1178.1383
1140.597,-1179.0405
1138.1443,-1179.9456
1135.6844,-1179.8563
1133.2267,-1180.267
1130.7682,-1180.015
1128.3131,-1179.2677
1125.857,-1179.5173
1123.4019,-1179.6029
1120.9392,-1180.5197
1118.4886,-1180.1108
1116.029,-1180.5334
1113.5603,-1181.4562
1111.1334,-1179.8912
1108.6667,-1180.6504
1106.1785,-1182.2429
1103.7826,-1179.8535
1101.3082,-1180.7833
1098.8401,-1181.384
1096.3958,-1181.1571
1093.9307,-1181.5955
1091.482,-1181.538
1089.0404,-1181.3165
1086.5935,-1181.2628
1084.1753,-1180.5485
1081.7091,-1180.995
1079.2491,-1181.2778
1076.8126,-1181.0658
1074.2928,-1182.5122
1071.9349,-1180.8125
1069.5204,-1180.2754
1067.0038,-1181.5588
1064.6106,-1180.6937
1062.1703,-1180.6576
1059.7625,-1180.1278
1057.4011,-1178.9415
1054.9208,-1179.5695
1052.5199,-1179.0461
1050.0132,-1180.0068
1047.4902,-1181.1355
1045.2563,-1178.4747
1042.6934,-1180.0975
1040.2314,-1180.4055
1037.8792,-1179.3972
1035.3755,-1180.2019
1032.9415,-1180.1848
1030.5227,-1180.0045
1028.0746,-1180.155
1025.7509,-1178.9912
1023.27295,-1179.4731
1020.82574,-1179.628
1018.3781,-1179.7843
1015.82764,-1180.9297
1013.56824,-1179.2795
1011.0853,-1179.7688
1008.52795,-1180.9181
1006.27954,-1179.2733
1003.7561,-1180.0955
1001.26746,-1180.5911
998.8743,-1180.266
996.4428,-1180.2712
994.1123,-1179.4572
991.64124,-1179.7938
989.1268,-1180.4608
986.80084,-1179.6515
984.2186,-1180.8141
981.7412,-1181.1575
979.5078,-1179.6957
976.89484,-1181.0269
974.57544,-1180.2251
972.1423,-1180.2461
969.61383,-1180.9253
967.20276,-1180.785
964.79205,-1180.6465
962.4066,-1180.3456
960.04736,-1179.8826
957.51166,-1180.5682
955.28265,-1179.2894
952.6667,-1180.4688
949.992,-1181.9801
948.14435,-1178.4124
945.5228,-1179.5935
942.9786,-1180.2866
940.76624,-1179.0178
938.2487,-1179.5492
935.8718,-1179.2645
933.38055,-1179.6349
930.85834,-1180.1702
928.512,-1179.7252
925.9576,-1180.4264
923.4001,-1181.1293
920.90125,-1181.5061
918.3073,-1182.3763
915.7727,-1182.9203
913.17163,-1183.7947
910.53406,-1184.836
908.154,-1184.5612
905.5097,-1185.6062
902.8602,-1186.6542
900.4434,-1186.547
897.95807,-1186.7719
896.5766,-1181.7308
894.2737,-1181.1378
891.02344,-1184.9779
890.69336,-1175.2432
887.7668,-1177.5807
886.0103,-1174.5679
885.4033,-1166.4517
883.0606,-1166.2035
880.8262,-1165.4799
882.88574,-1146.0314
875.4416,-1168.0186
879.98395,-1138.2639
877.3027,-1139.7037
874.6852,-1140.845
872.2798,-1141.0776
869.79877,-1141.616
865.70624,-1148.7395
863.16516,-1149.4413
859.92755,-1152.9315
854.7752,-1163.9939
852.0309,-1165.3513
849.36145,-1166.3944
847.09705,-1165.8491
844.29926,-1167.3716
841.1182,-1170.3375
838.2187,-1172.1935
835.7819,-1172.2856
833.64777,-1171.2545
830.8692,-1172.6306
828.5243,-1172.4014
826.66693,-1170.409
824.19965,-1170.6602
194.26216,-1233.1794
191.06212,-1233.2064
187.61859,-1232.7673
184.53952,-1233.0275
181.21869,-1232.822
178.01852,-1232.8499
174.69965,-1232.6453
171.50047,-1232.6738
168.65428,-1233.4005
165.4542,-1233.43
161.7902,-1232.5305
158.82555,-1233.0259
155.74474,-1233.2898
152.54967,-1233.3221
149.2426,-1233.123
145.93852,-1232.9252
142.63774,-1232.7286
139.45197,-1232.7651
136.15755,-1232.5708
132.86693,-1232.3782
129.6899,-1232.4182
126.51574,-1232.4597
123.45304,-1232.734
120.17679,-1232.5469
117.01224,-1232.5928
113.744415,-1232.4089
110.481125,-1232.2268
107.32752,-1232.2773
104.07249,-1232.0985
100.92586,-1232.1521
97.78228,-1232.2072
94.53905,-1232.0331
91.40227,-1232.0913
87.963684,-1231.46
84.93568,-1231.7516
82.00997,-1232.2751
78.58557,-1231.6488
75.46536,-1231.7148
72.644104,-1232.4728
69.527885,-1232.5419
66.316826,-1232.3823
63.10974,-1232.2245
60.00288,-1232.2983
56.994656,-1232.6038
53.702026,-1232.2208
50.603733,-1232.2996
47.4139,-1232.15
44.321297,-1232.2319
41.32428,-1232.5449
38.143867,-1232.4004
34.96716,-1232.2577
31.885393,-1232.3461
28.806166,-1232.436
25.54932,-1232.0693
22.476336,-1232.1628
19.316973,-1232.029
16.33802,-1232.355
13.360512,-1232.6827
9.94818,-1231.8674
7.2363157,-1232.8854
4.0918565,-1232.7601
0.95103836,-1232.6371
-2.016053,-1232.9735
-5.235122,-1232.6252
-8.197741,-1232.9653
-11.2423115,-1233.0784
-14.449907,-1232.736
-17.488358,-1232.8528
-20.605888,-1232.7429
-23.719837,-1232.6351
-26.66919,-1232.9862
-29.857084,-1232.654
-32.722782,-1233.237
-35.903698,-1232.9088
-39.079937,-1232.5828
-41.94094,-1233.1714
-45.03328,-1233.0775
-48.12222,-1232.9856
-51.13182,-1233.1238
-54.2147,-1233.0361
-57.294304,-1232.9504
-60.370632,-1232.8668
-63.44375,-1232.7854
-66.44048,-1232.9336
-69.507835,-1232.8564
-72.64408,-1232.5537
-75.633125,-1232.7081
-78.69117,-1232.6372
-81.67577,-1232.7959
-84.72834,-1232.7292
-87.7779,-1232.6648
-90.75582,-1232.8297
-93.80012,-1232.7695
-96.84147,-1232.7114
-99.87998,-1232.6556
-102.84919,-1232.829
-105.882614,-1232.7775
-108.913246,-1232.7281
-112.00589,-1232.4543
-114.901955,-1232.863
-117.92496,-1232.8203
-120.94527,-1232.7799
-123.962906,-1232.7416
-126.97791,-1232.7056
-129.92885,-1232.8983
-132.93922,-1232.8667
-135.94708,-1232.8374
-138.89252,-1233.0369
-141.89587,-1233.0118
-144.8968,-1232.9893
-147.89526,-1232.9689
-150.89131,-1232.9508
-153.88496,-1232.9349
-156.81958,-1233.1476
-159.80908,-1233.1365
-162.8519,-1232.9014
-165.83627,-1232.8947
-168.8729,-1232.6644
-171.79828,-1232.8883
-174.77597,-1232.8887
-177.75153,-1232.8915
-180.72491,-1232.8965
-183.6962,-1232.9038
-186.71675,-1232.688
-189.63249,-1232.9259
-192.59761,-1232.9404
-195.56073,-1232.9574
-198.57114,-1232.7513
-201.52982,-1232.7731
-204.48654,-1232.7974
-207.4891,-1232.5986
-210.34715,-1233.0787
-213.34552,-1232.8849
-216.34103,-1232.6937
-219.33372,-1232.505
-222.2785,-1232.5442
-225.26614,-1232.3607
-228.25105,-1232.1799
-231.14616,-1232.4514
-234.12674,-1232.2758
-237.10468,-1232.1024
-239.99602,-1232.3816
-243.01125,-1231.9889
-245.8591,-1232.4977
-248.90968,-1231.8855
-251.836,-1231.95
-254.68208,-1232.4666
-257.68436,-1232.0869
-260.60648,-1232.1592
-263.60287,-1231.7852
-266.48404,-1232.0873
-269.40173,-1232.1675
-272.3182,-1232.2504
-275.26917,-1232.1115
-278.18274,-1232.1997
-281.0951,-1232.2906
-284.00638,-1232.3843
-286.91653,-1232.4806
-289.82565,-1232.5796
-292.7011,-1232.906
-295.70502,-1232.337
-298.6101,-1232.4443
-301.48322,-1232.7787
-304.5091,-1231.9944
-307.37997,-1232.334
-310.25104,-1232.6765
-313.20926,-1232.349
-316.1078,-1232.4729
-319.03348,-1232.3752
-321.9027,-1232.7288
-324.79916,-1232.861
-327.82675,-1231.8756
-330.69366,-1232.2372
-333.66223,-1231.7062
-336.6024,-1231.402
-339.46735,-1231.772
-342.49884,-1230.5796
-345.40784,-1230.508
-348.38336,-1229.7701
-351.3986,-1228.5908
-354.3211,-1228.3058
-357.26236,-1227.8015
-360.17984,-1227.5227
-363.11517,-1227.025
-366.04736,-1226.5306
-368.9005,-1226.9263
-371.7916,-1226.8812
-374.7536,-1225.9526
-377.6058,-1226.3563
-380.52695,-1225.8771
-383.57672,-1223.6342
-386.40845,-1224.2656
-389.36575,-1223.1354
-392.2576,-1222.8901
-395.10443,-1223.3088
-398.0778,-1221.7491
-400.92282,-1222.1726
-403.79498,-1222.159
-406.7038,-1221.4889
-409.56137,-1221.7007
-412.45364,-1221.2562
-415.29974,-1221.693
-418.16818,-1221.6932
-421.06592,-1221.0374
-423.9414,-1220.8236
-426.8066,-1220.8322
-429.7303,-1219.3093
-432.5913,-1219.3234
-435.4521,-1219.34
-438.3402,-1218.4845
-441.20493,-1218.2881
-444.06262,-1218.313
-446.92017,-1218.341
-449.78745,-1217.9344
-452.67468,-1216.4407
-455.51202,-1217.349
-458.41132,-1214.5574
-461.26868,-1213.9475
-464.1063,-1214.8607
-466.97113,-1213.1714
-469.8154,-1213.4381
-472.6637,-1213.0573
-475.51593,-1210.0858
-478.3552,-1210.3597
-481.1958,-1210.6367
-484.03482,-1210.269
-486.8738,-1210.1202
-489.71234,-1209.9741
-492.54312,-1209.1846
-495.38223,-1209.2599
-498.21854,-1209.1227
-501.0661,-1209.6346
-503.8684,-1207.7816
-506.69653,-1207.4385
-509.56055,-1208.6028
-512.34344,-1206.5469
-515.205,-1207.5002
-518.0308,-1207.1687
-520.8051,-1205.3397
-523.6792,-1206.5144
-526.4528,-1204.9067
-529.28876,-1205.0155
-532.1347,-1205.3408
-534.877,-1203.3175
-537.71136,-1203.4342
-540.52563,-1203.1268
-543.3279,-1202.609
-546.1513,-1202.5206
-548.9029,-1201.1573
-551.67377,-1200.2242
-554.5443,-1200.9941
-557.13763,-1197.3119
-560.0337,-1198.5071
-562.8354,-1198.2233
-565.41455,-1194.7749
-568.3451,-1196.3955
-571.07904,-1195.2765
-573.8898,-1195.2153
-576.70105,-1195.1566
-579.4784,-1194.6792
-582.3252,-1195.0475
-584.9568,-1192.8922
-587.78424,-1193.0543
-590.6134,-1193.2191
-592.4162,-1182.3396
-594.5574,-1175.5201
-597.49,-1177.1189
-596.92975,-1143.6106
-599.18085,-1139.1371
-601.7751,-1138.1451
-603.73773,-1131.2437
-606.3752,-1130.8375
-608.656,-1127.2201
-611.115,-1125.3154
-613.9788,-1126.9893
-616.25446,-1123.588
-618.8763,-1123.1975
-621.4747,-1122.6221
-623.9322,-1120.9283
-626.762,-1122.2267
-629.3819,-1121.8453
-632.0259,-1121.6531
-634.7701,-1122.2109
-637.4927,-1122.5845
-640.34784,-1123.8982
-643.0523,-1124.0895
-645.8394,-1124.8469
-648.7682,-1126.55
-651.6789,-1128.0715
-654.74066,-1130.5487
-657.5272,-1131.1339
-661.233,-1137.6548
-663.62146,-1135.5627
-666.459,-1136.3522
-669.98553,-1141.3898
-672.9394,-1142.7743
-676.4512,-1147.482
-679.2004,-1147.5146
-681.9846,-1147.7455
-687.5818,-1164.264
-690.9398,-1167.5371
-693.45575,-1165.9652
-697.6061,-1173.5328
-700.64954,-1174.813
-703.286,-1173.8431
-706.11066,-1173.8995
-708.8216,-1173.3444
-711.1812,-1170.9547
-713.84766,-1170.2026
-716.5924,-1169.8604
-719.01605,-1167.8955
-722.16455,-1169.59
-725.3239,-1171.292
-703.7971,-1052.401
-706.1475,-1051.4498
-706.1253,-1039.1898
-709.03326,-1041.0231
-711.29,-1039.7688
-713.47284,-1038.1946
-715.8988,-1037.7583
-718.253,-1037.0001
-720.7138,-1036.7291
-723.17523,-1036.4597
-725.4162,-1035.2233
-728.17395,-1036.2489
-730.78815,-1036.6309
-732.9123,-1034.914
-735.6435,-1035.7823
-738.07104,-1035.3606
-740.6548,-1035.5863
-743.24146,-1035.8138
-745.95087,-1036.5284
-748.5044,-1036.5975
-751.01935,-1036.506
-753.61804,-1036.74
-756.2613,-1037.1378
-758.9924,-1037.8624
-761.0941,-1036.154
-764.0007,-1037.5297
-766.485,-1037.2843
-769.14417,-1037.69
-772.20355,-1039.5641
-804.5922,-1149.0542
-807.33514,-1148.7865
-812.67365,-1157.8838
-815.83307,-1159.0244
-819.45605,-1161.7844
-823.38715,-1165.5769
-826.76,-1167.3522
-829.3782,-1166.4789
-830.34247,-1159.9337
-833.42035,-1160.6869
-834.4808,-1154.604
-837.3735,-1154.7529
-840.02893,-1154.1034
-841.53796,-1149.6735
-844.67017,-1150.6205
-847.38165,-1150.1787
-848.56104,-1144.794
-850.9562,-1143.3752
-854.77325,-1146.4891
-858.0473,-1147.8369
-861.0781,-1148.3961
-867.2057,-1158.5652
-869.5551,-1156.9227
-872.95215,-1158.5062
-877.4955,-1163.547
-880.6571,-1164.3375
-879.64746,-1152.6024
-881.7133,-1150.1837
-885.12024,-1151.7576
-885.2886,-1143.796
-888.41547,-1144.5646
-891.4121,-1144.9403
-893.8632,-1143.7366
-896.79486,-1143.9166
-903.52435,-1154.8627
-913.4571,-1174.6859
-912.6475,-1164.1671
-920.4755,-1177.8022
-923.7366,-1178.6362
-926.8516,-1179.0538
-929.4329,-1178.0062
-932.7849,-1179.0543
-935.1318,-1177.3801
-938.09973,-1177.3826
-941.2279,-1177.8049
-944.0431,-1177.3905
-947.17865,-1177.8153
-950.23865,-1178.0319
-953.14044,-1177.8301
-956.28906,-1178.259
-959.1964,-1178.0592
-962.3542,-1178.491
-965.60114,-1179.135
-967.5973,-1176.6268
-970.9332,-1177.4813
-974.023,-1177.7075
-976.6911,-1176.8842
-980.046,-1177.7438
-982.9773,-1177.5535
-986.0859,-1177.7855
-989.28766,-1178.2301
-991.61597,-1176.5706
-994.9143,-1177.2275
-998.3995,-1178.309
-1001.6259,-1178.7606
-1004.8591,-1179.2144
-1007.46265,-1178.1909
-1010.6128,-1178.4357
-1013.9512,-1179.1046
-1016.8339,-1178.718
-1020.18195,-1179.3895
-1023.34875,-1179.6394
-1026.3306,-1179.4668
-1029.6914,-1180.1418
-1031.8214,-1178.0662
-1034.7065,-1177.6841
-1038.1655,-1178.5703
-1040.6652,-1177.3436
-1044.0304,-1178.0186
-1047.2037,-1178.2712
-1049.594,-1176.8333
-1053.4523,-1178.5653
-781.7727,-1170.1033
-784.29785,-1169.8503
-786.8242,-1169.5972
-789.9129,-1167.5156
-792.0825,-1168.4252
-795.81305,-1164.1979
-800.00934,-1158.3658
-802.5163,-1158.1156
-805.5545,-1156.0734
-808.82135,-1153.228
-811.5078,-1152.3329
-812.30945,-1157.9329
-815.0062,-1157.031
-817.1875,-1157.9247
-818.2097,-1162.9259
-820.82306,-1162.3469
-823.1585,-1162.7568
-825.58716,-1162.838
-828.0615,-1162.755
-831.38654,-1159.549
-833.8976,-1159.3035
-837.0647,-1156.6064
-840.9486,-1151.1694
-843.60834,-1150.2833
-847.1456,-1146.0267
-849.7874,-1145.1498
-852.3424,-1144.5941
-855.21985,-1142.7645
-857.5645,-1143.0087
-859.46924,-1145.01
-861.06067,-1148.3057
-863.8131,-1146.9481
-865.61633,-1149.451
-867.62317,-1151.1575
-869.8304,-1152.0593
-870.64343,-1158.839
-873.25433,-1158.1151
-875.74695,-1157.884
-877.21136,-1162.0934
-879.6738,-1162.0276
-884.43866,-1151.8201
-887.9674,-1146.9138
-890.18164,-1147.8153
-893.74335,-1142.625
-896.3022,-1141.9252
-898.3754,-1143.459
-900.66003,-1144.0375
-902.94714,-1144.6173
-902.13763,-1159.9836
-901.40967,-1175.2817
-905.3504,-1168.1609
-905.6329,-1178.9021
-908.3028,-1177.995
-910.90106,-1177.4294
-913.1291,-1178.7362
-915.7929,-1177.8314
-918.0601,-1178.9708
-920.5912,-1178.7488
-923.2811,-1177.6761
-925.68195,-1178.137
-928.1158,-1178.4288
-930.6435,-1178.2107
-933.0785,-1178.5048
-935.60516,-1178.2886
-937.922,-1179.2677
-940.39,-1179.395
-942.9167,-1179.182
-945.3271,-1179.6536
-947.9379,-1178.9303
-950.4613,-1178.7208
-952.873,-1179.1959
-955.5318,-1178.1353
-957.83624,-1179.2955
-960.22485,-1179.946
-962.878,-1178.8873
-965.21655,-1179.8822
-967.7884,-1179.3386
-970.3827,-1178.6259
-972.75146,-1179.4531
-975.2941,-1179.0844
-977.7871,-1179.0591
-980.1855,-1179.7197
-982.77264,-1179.0121
-985.1509,-1179.8467
-987.6677,-1179.6549
-990.1837,-1179.4642
-992.67725,-1179.4462
-995.2135,-1179.0868
-997.47485,-1180.9585
-1000.0959,-1179.9138
-1002.7325,-1178.7008
-1004.82605,-1182.1243
-1007.4435,-1181.0808
-1009.9988,-1180.5555
-1012.3825,-1181.5797
-1014.9001,-1181.4006
-1017.36285,-1181.7396
-1019.8627,-1181.7354
-1022.3627,-1181.7323
-1024.7781,-1182.5931
-1027.297,-1182.4203
-1029.8317,-1182.0759
-1032.2858,-1182.5962
-1034.8816,-1181.5642
-1037.3224,-1182.2593
-1039.8693,-1181.7476
-1042.4285,-1181.0652
-1044.8456,-1182.1093
-1047.4167,-1181.2565
-1049.958,-1180.7505
-1052.395,-1181.626
-1054.9602,-1180.7775
-1057.4377,-1181.1382
-1059.9755,-1180.6376
-1062.5226,-1179.9664
-1064.9907,-1180.5033
-1067.4825,-1180.6971
-1069.9857,-1180.72
-1072.4697,-1181.0896
-1074.9933,-1180.7699
-1077.4978,-1180.7971
-1080.0115,-1180.653
-1082.5332,-1180.3376
-1084.9668,-1181.926
-1087.521,-1180.921
-1090.0067,-1181.475
-1092.5089,-1181.6847
-1095.0446,-1181.03
-1097.5355,-1181.5891
-1100.0464,-1181.6302
-1102.5846,-1180.8066
-1105.0851,-1181.1971
-1107.5925,-1181.4163
-1110.1183,-1180.9436
-1112.631,-1180.9924
-1115.1584,-1180.3497
-1117.6714,-1180.4015
-1120.1746,-1181.1486
-1122.6956,-1180.8568
-1125.2063,-1181.4346
-1127.7263,-1181.3195
-1130.2467,-1181.2058
-1132.7657,-1181.4414
-1135.2878,-1181.1573
-1137.8093,-1181.2224
-1140.3309,-1180.7677
-1142.8497,-1179.9674
-1145.3829,-1181.7758
-1147.9022,-1180.9772
-1150.4282,-1181.0505
-1152.9647,-1181.8223
-1155.4841,-1181.202
-1158.0109,-1181.1063
-1160.5726,-1182.7565
-1163.1313,-1183.8885
-1165.79,-1188.8997
-1168.2762,-1186.5184
-1170.7733,-1184.8494
-1173.4766,-1190.0554
-1176.0876,-1191.7474
-1178.8279,-1196.8456
-1181.3834,-1196.4082
-1183.8525,-1193.8258
-1186.7122,-1200.7576
-1189.301,-1200.8656
-1191.993,-1203.1508
-1194.7773,-1207.0917
-1197.2727,-1205.0167
-1200.0038,-1207.5101
-1202.6968,-1209.0983
-1205.4412,-1211.4309
-1208.3428,-1216.1895
-1210.8512,-1214.2764
-1213.809,-1219.44
-1217.2126,-1230.9205
-1220.0583,-1233.5531
-1222.1162,-1224.9386
-1224.6831,-1223.761
-1227.3606,-1224.0966
-1230.3516,-1228.419
-1232.968,-1227.8109
-1235.4114,-1225.1176
-1236.9905,-1212.338
-1239.4921,-1210.821
-1240.7693,-1195.6288
-1243.0033,-1191.64
-1245.6245,-1191.9636
-1246.9059,-1178.2898
-1249.1062,-1174.5902
-1251.4153,-1172.1257
-1253.4504,-1167.0896
-1255.8275,-1165.5135
-1258.7338,-1168.9214
-1261.2994,-1169.0662
-1263.694,-1167.6609
-1266.5365,-1170.2252
-1269.1719,-1170.8956
-1271.8123,-1171.569
-1274.4996,-1172.593
-1277.0436,-1172.4027
-1280.0703,-1176.0531
-1282.8265,-1177.4442
-1285.3632,-1177.0835
-1289.1404,-1186.102
-1291.459,-1183.9617
-1294.2328,-1185.2063
-1298.3429,-1196.0066
-1300.8756,-1195.2865
-1303.9036,-1198.0251
-1306.5479,-1198.0364
-1309.1945,-1198.0494
-1312.2289,-1200.6278
-1315.1666,-1202.4847
-1317.6876,-1201.5852
-1320.3802,-1201.7916
-1323.1938,-1202.7378
-1324.1182,-1191.9788
-1326.558,-1190.7361
-1329.5675,-1192.9363
-1329.7089,-1178.0848
-1332.3916,-1178.463
-1335.0168,-1178.489
-1336.2509,-1170.5942
-1338.7688,-1170.096
-1341.1292,-1168.727
-1342.7249,-1163.2004
-1345.5503,-1164.4402
-1353.2803,-1191.8083
-1357.2738,-1198.8092
-1358.9124,-1193.3596
-1362.165,-1196.3386
-1364.8226,-1196.2087
-1367.2634,-1194.9805
-1369.775,-1194.1216
-1372.0996,-1192.3518
-1374.4194,-1190.588
-1376.8859,-1189.5566
-1379.6566,-1189.9824
-1383.4843,-1195.352
-1386.238,-1195.6049
-1394.0222,-1218.9606
-1397.3502,-1221.5442
-1400.1387,-1221.6339
-1400.3153,-1210.0851
-1402.7388,-1208.6619
-1405.3318,-1207.996
-1407.055,-1203.5787
-1409.815,-1203.6681
-1412.313,-1202.6368
-1414.8541,-1201.7952
-1417.3944,-1200.9559
-1416.6151,-1186.4897
-1418.7234,-1184.0347
-1422.3124,-1187.5813
-1424.1886,-1184.215
-1427.1106,-1185.035
-1429.9938,-1185.6769
-1433.2131,-1187.6003
-1436.1133,-1188.2505
-1439.89,-1192.2158
-1442.1777,-1190.4801
-1445.249,-1191.6948
-1449.6342,-1197.7458
-1454.174,-1204.2467
-1455.3958,-1198.5436
-1458.0516,-1198.1044
-1461.1799,-1199.3517
-1460.3406,-1186.4935
-1463.9166,-1189.3724
-1465.9802,-1186.9176
-1466.8252,-1180.2783
-1469.2941,-1179.3088
-1472.0287,-1179.2488
-1474.8743,-1179.5538
-1477.6708,-1179.6792
-1480.5265,-1179.9886
-1483.6091,-1181.0299
-1487.2627,-1183.9082
-1492.83,-1192.9291
-1494.5825,-1189.5382
-1498.6577,-1193.5955
-1502.1133,-1195.6191
-1505.1061,-1196.1483
-1507.9849,-1196.3041
-1510.5033,-1195.333
-1513.5112,-1195.8683
-1517.2704,-1198.6727
-1519.6731,-1197.3253
-1523.0819,-1199.0062
-1526.1862,-1199.7456
-1529.3633,-1200.6787
-1533.0051,-1202.953
-1536.1399,-1203.7064
-1539.8143,-1206.0005
-1550.8335,-1229.3595
-1553.5779,-1228.7665
-1558.0963,-1233.1993
-1561.3575,-1234.0216
-1564.4832,-1234.4429
-1568.0544,-1236.0844
-1571.8627,-1238.3457
-1573.8273,-1235.5198
-1574.9688,-1230.485
-1577.4404,-1229.0994
-1578.7153,-1224.5126
-1580.2814,-1220.7517
-1583.3379,-1220.9749
-1589.4492,-1229.2131
-1592.8505,-1230.2565
-1595.2495,-1228.6764
-1598.8998,-1230.3304
-1602.2488,-1231.1812
-1604.81,-1230.0072
-1607.0508,-1228.0278
-1610.0917,-1228.0721
-1610.8792,-1222.4824
-1613.3495,-1221.1254
-1615.333,-1218.575
-1611.3906,-1201.527
-1615.1791,-1203.5037
-1611.2115,-1186.673
-1612.9949,-1183.8737
-1615.6362,-1183.1503
-1610.9598,-1165.0392
-1613.5629,-1164.3302
-1614.8525,-1160.5382
-1612.0828,-1147.3174
-1614.2716,-1145.7401
-1611.7661,-1133.3605
-1612.6571,-1128.896
-1615.9457,-1129.931
-1610.9451,-1112.1943
-1613.6688,-1112.0265
-1614.9868,-1108.7091
-1611.757,-1095.3132
-1614.8123,-1095.9515
-1611.9811,-1083.6406
-1612.7739,-1079.3788
-1615.3599,-1079.0515
-1610.5875,-1062.8263
-1613.6326,-1063.5657
-1614.765,-1060.2036
-1611.7474,-1048.0566
-1614.268,-1047.7329
-1611.3604,-1036.0029
-1612.9576,-1033.8043
-1615.7976,-1034.2032
-1611.4825,-1019.8036
-1613.4683,-1018.5025
-1613.8871,-1014.00323
-1611.6151,-1004.07007
-1613.9791,-1003.6153
-1611.5994,-993.60876
-1612.4185,-990.1053
-1615.0221,-990.18555
-1610.9047,-976.9399
-1613.215,-976.4955
-1615.0026,-975.0229
-1611.1398,-962.53754
-1613.8092,-962.8496
-1609.8185,-950.2955
-1611.124,-948.0342
-1613.4412,-947.7214
-1610.1375,-936.7218
-1612.1794,-935.93524
-1613.5928,-933.9668
-1613.3114,-928.83856
-1615.2164,-927.82697
-1616.0544,-924.8409
-1618.017,-923.951
-1620.7367,-924.45233
-1621.1198,-920.67535
-1623.0149,-919.67566
-1624.7189,-918.33325
-1625.659,-915.62286
-1628.3125,-915.99915
-1629.6917,-914.0947
-1631.1316,-912.30975
-1633.0176,-911.3221
