1063.3004,-1201.501
1060.2284,-1201.4397
1057.0565,-1201.16
1053.1959,-1199.3529
1050.3243,-1199.7294
1046.964,-1199.0162
1043.0284,-1197.0012
1039.8723,-1196.727
1037.4818,-1198.1903
1034.3257,-1197.917
1031.2666,-1197.8622
1028.1155,-1197.5912
1025.0608,-1197.5387
1021.91565,-1197.2705
1018.8663,-1197.2207
1016.3701,-1198.4733
1014.0545,-1200.1642
1011.4619,-1201.2067
1007.9623,-1200.074
1005.1015,-1200.4667
1001.8851,-1199.9915
999.56433,-1201.6936
996.798,-1202.3109
993.68097,-1202.0588
991.53424,-1204.2087
988.42285,-1203.9604
985.4039,-1203.9329
982.21704,-1203.4713
978.95123,-1202.7946
975.86316,-1202.5564
972.27405,-1201.0165
969.0323,-1200.35
965.6318,-1199.2537
962.4059,-1198.5941
959.5148,-1198.802
956.54504,-1198.7957
953.49805,-1198.5754
950.45557,-1198.3575
947.5775,-1198.5735
944.5429,-1198.3596
941.74945,-1198.7954
939.11444,-1199.6655
935.7763,-1198.5934
934.23224,-1202.4984
930.8194,-1201.2086
928.4147,-1202.7393
926.8517,-1206.6721
923.9017,-1206.6877
921.33435,-1207.7976
907.4912,-1176.2706
915.8181,-1208.9315
888.2083,-1136.515
885.4337,-1136.5527
882.5963,-1136.3977
879.4386,-1135.2733
876.54596,-1134.9285
873.91254,-1135.3613
871.15314,-1135.4078
868.2077,-1134.8748
865.95435,-1136.4769
863.1382,-1136.3346
860.69556,-1137.3597
858.7435,-1139.9481
855.9897,-1140.0051
853.5422,-1141.0409
851.45636,-1143.256
848.7033,-1143.3184
847.1504,-1147.3185
844.21497,-1146.7925
842.1137,-1149.0334
840.244,-1152.0786
837.42596,-1151.9509
835.13605,-1153.6162
832.4363,-1153.8904
829.6804,-1153.9674
828.64655,-1160.0529
825.71,-1159.5297
822.7787,-1159.009
819.7963,-1158.2904
785.8162,-1045.5524
782.191,-1041.5334
779.5705,-1041.1392
777.0865,-1041.2378
774.1669,-1039.7023
771.56006,-1039.3142
769.04297,-1039.2542
766.61334,-1039.5219
764.2691,-1040.1176
761.6732,-1039.7351
759.1226,-1039.5177
756.6572,-1039.6278
754.2341,-1039.9026
751.6906,-1039.6895
749.1502,-1039.4778
746.69183,-1039.5936
744.2349,-1039.7109
741.8962,-1040.3186
739.3639,-1040.1127
736.91077,-1040.2343
734.9136,-1042.3168
732.3836,-1042.1141
730.117,-1043.0582
728.10724,-1045.154
725.43097,-1044.298
722.833,-1043.7725
720.77747,-1045.7098
718.253,-1045.5145
719.52136,-1063.0049
717.1049,-1063.4814
714.2614,-1061.9271
738.34436,-1190.0255
735.6247,-1190.3844
733.5057,-1193.6886
730.78107,-1194.0533
727.9308,-1193.7885
725.7088,-1196.6919
722.734,-1195.796
719.92834,-1195.7484
717.9338,-1199.94
715.123,-1199.8958
711.3671,-1194.7756
708.2617,-1193.0541
705.5488,-1193.439
700.07263,-1178.4532
695.30164,-1167.0424
691.59424,-1161.4069
685.6631,-1142.7235
683.0605,-1143.0963
680.42535,-1143.2776
677.6626,-1142.687
674.96735,-1142.4857
672.86926,-1145.9681
670.2015,-1145.9636
667.7186,-1147.1283
669.41003,-1175.2097
663.0122,-1151.2303
666.1986,-1190.0475
663.2233,-1188.5889
660.86786,-1191.3013
657.0289,-1183.8291
654.23,-1183.4238
651.54987,-1183.846
649.09753,-1185.9247
646.55365,-1187.3893
644.7027,-1194.0796
642.9167,-1201.4785
639.9261,-1199.8032
638.87134,-1213.2931
636.13025,-1213.7487
634.2428,-1221.1667
631.8824,-1224.9226
628.9093,-1223.6346
626.30066,-1225.4257
623.5853,-1226.3418
620.74396,-1226.1597
617.9529,-1226.4205
615.16187,-1226.6842
612.4173,-1227.3916
609.6253,-1227.6609
606.7886,-1227.4916
603.80133,-1225.7828
600.8655,-1224.5209
598.1645,-1225.6788
594.8528,-1220.2655
592.01965,-1219.894
589.2466,-1220.1791
586.30524,-1218.5072
583.4449,-1217.7104
580.6596,-1217.7853
577.892,-1218.0801
575.15753,-1218.8124
572.3718,-1218.8954
569.5707,-1218.7635
566.77094,-1218.6344
564.00214,-1218.9426
561.2183,-1219.0361
558.49054,-1220.0028
555.73236,-1220.5375
552.9074,-1219.9856
550.09796,-1219.6545
547.3027,-1219.5438
544.51996,-1219.6534
541.7818,-1220.6367
538.9973,-1220.7518
536.2026,-1220.6516
533.39905,-1220.3363
530.6436,-1221.1132
527.82367,-1220.3674
525.04065,-1220.496
522.2574,-1220.6273
519.50354,-1221.6334
516.6972,-1221.1161
513.90625,-1221.0377
511.12195,-1221.18
508.33725,-1221.3252
505.55215,-1221.473
502.76666,-1221.6238
499.96414,-1220.9053
497.1795,-1221.0614
494.39432,-1221.2203
491.60858,-1221.3822
488.82678,-1221.983
486.03342,-1221.4962
483.25024,-1222.3212
480.45828,-1221.8396
477.66962,-1222.0155
474.8802,-1222.1943
472.08994,-1222.376
469.29593,-1223.2162
466.50256,-1223.4038
463.7064,-1223.8131
460.91788,-1223.3501
458.11697,-1223.9839
455.3165,-1224.4021
452.52164,-1224.385
449.72238,-1224.59
446.85098,-1228.0942
444.03198,-1228.7472
441.2099,-1229.4034
437.33673,-1267.3477
433.57568,-1296.0137
431.79407,-1260.142
428.94443,-1259.4551
425.99512,-1261.5482
423.31543,-1256.4797
420.58026,-1253.2816
417.6898,-1253.9875
414.74365,-1255.846
411.81064,-1257.2516
408.95108,-1257.0491
406.1277,-1256.1589
403.22055,-1256.8833
400.37436,-1256.4596
397.42184,-1257.8821
394.6299,-1256.5422
391.69876,-1257.5096
388.7327,-1258.9438
385.7285,-1260.8474
382.35974,-1267.8931
379.5087,-1267.2504
377.2406,-1258.7087
374.39264,-1258.3109
371.52768,-1258.1473
368.95728,-1254.3033
366.11893,-1253.917
363.04895,-1256.2915
359.90707,-1259.372
356.93494,-1260.381
353.74628,-1263.7202
350.5625,-1266.8455
347.85306,-1264.8356
345.804,-1256.1205
343.84857,-1246.8386
340.97925,-1246.9369
338.34402,-1244.7697
335.4528,-1245.0999
332.50998,-1245.887
329.6878,-1245.5431
326.81497,-1245.6559
323.2613,-1251.6978
320.5592,-1250.2169
317.2359,-1254.0063
313.38705,-1261.9951
309.78015,-1267.7352
305.90332,-1275.4255
302.07236,-1282.4895
299.47876,-1279.7642
297.7374,-1270.6565
294.95203,-1269.629
292.23358,-1268.1361
289.77896,-1264.7762
286.8107,-1265.1681
284.47195,-1261.1302
281.60846,-1260.8279
278.67645,-1260.9935
276.6409,-1255.1409
273.78766,-1254.8492
271.1109,-1253.4095
268.7241,-1250.1417
265.66165,-1251.2346
263.32562,-1247.7538
260.81595,-1245.4291
257.97763,-1245.1572
253.76706,-1253.1204
249.97418,-1258.3965
248.0528,-1252.5868
243.75218,-1260.6542
240.83492,-1260.6252
237.83328,-1261.0654
234.8278,-1261.5088
231.4782,-1263.8256
227.42065,-1269.9238
224.38582,-1270.3834
221.213,-1271.5568
216.57503,-1280.3748
212.99538,-1283.5006
210.48091,-1281.0929
207.64195,-1280.3752
204.94768,-1278.9413
203.36308,-1272.0316
200.15363,-1273.2297
198.01282,-1269.2117
199.45946,-1248.0483
196.34695,-1248.9794
192.54207,-1253.1395
189.30884,-1254.5472
185.76398,-1257.3544
178.41368,-1277.4438
175.15132,-1278.6774
172.95386,-1275.1222
170.76598,-1271.5873
167.99278,-1270.6785
169.58414,-1250.8417
167.65208,-1246.5193
164.49695,-1247.4795
162.79848,-1242.2717
159.80928,-1242.5472
156.98158,-1242.1425
154.26431,-1241.2856
151.21289,-1241.796
148.89014,-1239.3553
145.95023,-1239.4154
142.72084,-1240.6133
140.12053,-1239.3164
137.17332,-1239.3839
134.10559,-1239.9083
130.97345,-1240.6633
127.95541,-1240.9666
124.326225,-1243.5541
121.29488,-1243.8644
118.13565,-1244.6355
114.21758,-1248.1681
111.16535,-1248.4894
107.66069,-1250.4297
103.6885,-1254.0046
100.349556,-1255.269
94.86712,-1264.0527
90.67371,-1268.1901
87.55219,-1268.5413
84.702896,-1267.9438
81.50525,-1268.5378
78.44258,-1268.6589
75.16403,-1269.4973
71.592186,-1271.2952
70.52623,-1264.7615
67.96445,-1263.2345
64.53678,-1264.5486
62.268703,-1262.0815
59.20038,-1262.2168
55.0902,-1265.6694
52.231945,-1265.0986
49.07189,-1265.4792
42.998196,-1274.9529
40.19415,-1274.142
37.78054,-1272.1329
40.321075,-1254.9895
36.86018,-1256.3102
33.70083,-1256.6969
32.17661,-1252.1731
29.099007,-1252.3274
23.797115,-1259.049
21.097734,-1258.0328
16.539215,-1262.4473
14.159379,-1260.4844
10.717319,-1261.599
7.5152917,-1262.0068
5.9720707,-1257.6907
2.6891568,-1258.3351
0.6594541,-1255.451
-2.3729844,-1255.3921
-5.3231254,-1255.1003
-7.2528577,-1251.9993
-10.884583,-1253.5845
-14.095944,-1254.0022
-14.80262,-1247.648
-17.91924,-1247.8319
-15.2605095,-1232.6117
-17.403606,-1230.2953
-21.003162,-1231.837
-22.707787,-1228.3949
-25.705153,-1228.3522
-29.931719,-1231.4836
-33.73848,-1233.4934
-36.84529,-1233.685
-43.75659,-1243.5338
-47.631,-1245.5916
-51.149895,-1246.7268
-64.68584,-1272.8331
-68.79394,-1275.2441
-70.06284,-1270.6223
-73.78521,-1272.0602
-77.320175,-1273.0183
-74.32089,-1258.1257
-76.25064,-1255.2701
-80.24597,-1257.39
-81.871414,-1253.8306
-85.18054,-1254.2941
-88.3957,-1254.5231
-90.106514,-1251.2153
-93.72691,-1252.388
-95.32797,-1248.8569
-98.95485,-1250.0286
-102.07977,-1250.0277
-99.19444,-1236.2991
-102.395744,-1236.5278
-104.787445,-1234.9166
-106.361786,-1231.4773
-109.9745,-1232.6237
-111.84687,-1229.8811
-114.125496,-1228.0598
-117.33056,-1228.2913
-119.70733,-1226.7023
-123.22812,-1227.6173
-126.01972,-1226.9401
-127.7565,-1223.9935
-131.27994,-1224.9065
-134.17056,-1224.459
-137.05954,-1224.0116
-140.59132,-1224.9263
-149.4816,-1237.0911
-153.05917,-1238.0286
-156.41794,-1238.5033
-163.9595,-1247.6342
-167.91803,-1249.2977
1940.3124,-1147.9031
1937.502,-1148.5906
1936.8702,-1152.2152
1929.1772,-1146.315
1926.9094,-1147.7303
1919.5825,-1142.2523
1910.7803,-1134.7015
1908.0127,-1135.384
1904.345,-1134.8237
1901.1971,-1134.9745
1897.6716,-1134.5947
1887.7676,-1125.2767
1884.1724,-1124.7411
1878.9957,-1121.9612
1871.3268,-1115.6145
1868.632,-1116.2919
1862.9738,-1112.7274
1858.7675,-1111.2106
1855.9784,-1111.719
1852.4958,-1111.2183
1849.6002,-1111.5597
1846.824,-1112.0701
1844.28,-1112.9178
1841.396,-1113.2618
1844.2373,-1122.0867
1843.7567,-1126.0338
1840.8503,-1126.3794
1844.4248,-1136.4513
1841.7312,-1137.1489
1838.6932,-1137.3218
1835.4308,-1137.1454
1832.6343,-1137.6707
1831.9014,-1141.3604
1830.2482,-1143.6549
1826.422,-1142.595
1824.9933,-1145.2477
1821.7452,-1145.0719
1818.9552,-1145.6053
1816.955,-1147.3811
1813.7195,-1147.2074
1813.6212,-1152.0186
1811.501,-1153.6321
1808.4857,-1153.8143
1805.0314,-1153.2819
1801.9169,-1153.2877
1799.1367,-1153.8309
1795.8127,-1153.4816
1792.822,-1153.6693
1789.9435,-1154.0366
1787.4983,-1155.1193
1784.8383,-1155.8461
1783.0347,-1158.0079
1780.1605,-1158.3793
1777.5017,-1159.1105
1778.3491,-1165.8052
1765.7316,-1149.5417
1744.9567,-1119.1096
1742.3115,-1119.6519
1739.4767,-1119.8627
1738.0804,-1122.5737
1735.2463,-1122.7859
1733.3663,-1124.671
1732.1487,-1127.7386
1729.3132,-1127.953
1728.9401,-1132.5603
1726.7616,-1133.964
1724.0161,-1134.3502
1723.6257,-1139.0038
1720.969,-1139.564
1718.7828,-1140.9834
1717.063,-1143.2671
1714.3136,-1143.6597
1711.9384,-1144.7434
1709.748,-1146.175
1706.3602,-1145.362
1704.0795,-1146.623
1702.2544,-1148.7532
1699.5159,-1149.1532
1697.9585,-1151.8138
1695.7628,-1153.2626
1686.6158,-1141.2451
1678.1971,-1130.5101
1675.6123,-1131.0814
1670.2432,-1126.1664
1667.9268,-1127.2346
1665.0275,-1127.1454
1661.8033,-1126.3962
1659.2456,-1126.971
1656.8534,-1127.8777
1654.3801,-1128.6205
1651.746,-1129.0336
1649.6791,-1130.6083
1646.7263,-1130.3604
1644.1788,-1130.9429
1641.4745,-1131.1948
1639.0104,-1131.9457
1637.098,-1133.8617
1634.0851,-1133.4519
1631.5461,-1134.0409
1636.8772,-1151.5297
1632.9524,-1149.2174
1629.8346,-1148.6223
1629.0748,-1153.1608
1626.5039,-1153.7645
1620.6094,-1147.0234
1616.2327,-1143.5675
1613.6937,-1144.17
1608.991,-1139.905
1606.5404,-1140.6754
1603.2826,-1139.609
1599.528,-1137.3839
1597.1624,-1138.3215
1593.5784,-1136.4393
1590.1538,-1134.8973
1587.1655,-1134.3506
1583.2805,-1131.673
1580.8666,-1132.4448
1578.1783,-1132.5625
1574.8131,-1131.0461
1572.2719,-1131.4939
1570.6074,-1134.071
1568.1989,-1134.8501
1565.3909,-1134.646
1572.8776,-1159.944
1570.2117,-1160.2336
1568.9216,-1163.9708
1571.0259,-1176.3201
1568.5374,-1177.1439
1567.0198,-1180.4532
1565.0107,-1182.5304
1562.1022,-1182.294
1561.2559,-1187.4253
1558.2748,-1187.0083
1557.0024,-1191.0934
1556.3398,-1196.8456
1553.8236,-1197.6996
1553.146,-1203.5138
1550.6874,-1204.5615
1547.8903,-1204.6884
1539.0197,-1188.0884
1536.015,-1187.5079
1534.1085,-1189.9749
1528.4487,-1181.9166
1525.106,-1180.2937
1527.8484,-1195.9849
1528.474,-1205.8105
1525.6406,-1205.7675
1516.5302,-1187.4364
1516.3828,-1195.1179
1519.0425,-1211.192
1512.3843,-1199.7662
1507.3577,-1193.0521
1503.2208,-1188.9152
1500.0514,-1187.6503
1496.5469,-1185.3293
1491.8687,-1179.3385
1489.1449,-1179.3296
1485.8689,-1177.5789
1482.8271,-1176.5317
1481.2704,-1180.1875
1476.4501,-1173.4161
1472.7505,-1170.1533
1470.3353,-1171.0178
1468.1813,-1172.7443
1465.5038,-1172.7539
1463.0356,-1173.4534
1460.9261,-1175.3616
1458.5575,-1176.4114
1456.1876,-1177.464
1453.6658,-1177.9999
1451.0951,-1178.3643
1449.3176,-1181.5083
1446.7928,-1182.0508
1444.611,-1183.8159
1443.695,-1190.1572
1441.1566,-1190.7086
1440.708,-1198.9109
1439.9106,-1205.9579
1436.8566,-1204.7115
1428.7235,-1184.3295
1425.6125,-1182.6243
1423.2844,-1183.877
1417.8344,-1173.0668
1415.5685,-1174.4756
1412.563,-1172.9855
1409.8253,-1172.522
1407.1777,-1172.4011
1403.6565,-1168.7261
1401.3137,-1169.7935
1399.0103,-1171.0332
1395.2887,-1166.3699
1392.8717,-1167.1017
1390.7708,-1169.1824
1388.389,-1170.0885
1385.7728,-1169.9841
1384.8623,-1177.3485
1382.0802,-1176.5608
1379.5712,-1176.9696
1377.7814,-1180.632
1375.4167,-1181.7327
1374.586,-1189.9407
1374.2733,-1200.7473
1372.396,-1204.3811
1367.7225,-1194.7087
1364.1346,-1190.0636
1361.181,-1188.4048
1357.0894,-1181.0757
1354.5172,-1181.1611
1351.1375,-1177.1569
1348.049,-1174.5367
1345.2705,-1173.4481
1341.2864,-1166.0106
1338.5729,-1165.1128
1335.9899,-1164.8815
1333.38,-1164.4866
1330.985,-1165.2532
1328.6781,-1166.52
1326.3386,-1167.6243
1323.9093,-1168.232
1321.508,-1169.0085
1319.049,-1169.454
1316.4783,-1169.2345
1313.8282,-1168.518
1311.4281,-1169.3008
1309.1875,-1171.0867
1306.862,-1172.3768
1304.4808,-1173.3359
1302.2007,-1174.9689
1299.7627,-1175.5981
1297.3994,-1176.7344
1295.0084,-1177.7054
1292.7864,-1179.8622
1291.4081,-1188.0018
1289.379,-1191.7496
1286.7653,-1191.3661
1285.0485,-1197.5725
1282.4031,-1197.0131
1279.2855,-1192.8164
1276.3925,-1190.2008
1274.0796,-1192.0664
1271.1836,-1189.2888
1268.6792,-1189.6082
1266.3191,-1191.1321
1263.1704,-1185.9783
1260.8141,-1187.4963
1258.3181,-1187.8226
1255.6716,-1186.7861
1253.1609,-1186.9457
1252.0588,-1200.383
1250.4332,-1209.3369
1247.7858,-1208.616
1245.3544,-1210.0221
1242.8324,-1210.5452
1240.293,-1210.893
1237.442,-1207.8802
1235.1019,-1210.3533
1232.347,-1208.2312
1229.5889,-1205.9446
1227.137,-1207.18
1224.6382,-1207.8907
1222.1238,-1208.4276
1219.6083,-1208.9667
1217.0259,-1208.626
1214.5231,-1209.3452
1211.9689,-1209.3611
1209.4398,-1209.7318
1206.9105,-1210.1045
1204.2458,-1208.3645
1201.9266,-1212.0938
1198.7682,-1201.947
1195.8124,-1194.5535
1193.4696,-1197.6815
1190.8597,-1195.9949
1188.2068,-1193.2894
1185.6832,-1192.9867
1182.9424,-1187.9271
1180.4644,-1188.3094
1177.9647,-1188.1857
1175.3667,-1185.5321
1172.9263,-1186.7615
1170.6182,-1191.8966
1168.1885,-1193.9951
1165.6621,-1193.1953
1163.2516,-1196.3287
1160.7971,-1198.2747
1158.2899,-1198.3333
1155.6249,-1191.0475
1153.1125,-1189.9238
1150.4541,-1179.9204
1148.0012,-1180.6539
1145.5503,-1181.7234
1143.045,-1177.9727
1140.597,-1179.0405
1138.1443,-1179.9456
1135.6813,-1179.0266
1133.2253,-1179.4369
1130.7676,-1181.1783
1128.3057,-1181.926
1125.8422,-1182.5095
1123.3296,-1189.6394
1120.8558,-1189.3885
1118.374,-1189.9832
1115.6744,-1206.1688
1113.0223,-1215.0106
1110.4335,-1218.286
1107.8853,-1218.9122
1105.3708,-1217.9441
1102.9532,-1213.2788
1100.3757,-1215.3143
1097.8362,-1215.7687
1095.4714,-1210.6058
1092.9589,-1210.5369
1090.5654,-1207.1619
1088.0748,-1206.751
1085.475,-1209.1216
1083.1443,-1204.8986
1080.6549,-1204.6685
1078.2474,-1202.717
1075.8401,-1200.9467
1073.2128,-1203.6458
1070.8488,-1201.1902
1068.4004,-1200.4579
1065.9161,-1200.413
1063.5552,-1198.3198
1061.0659,-1198.4495
1058.6095,-1198.0696
1056.2002,-1197.0112
1053.574,-1199.1902
1051.252,-1196.9425
1048.7911,-1196.7408
1046.2421,-1197.7305
1043.8206,-1197.0219
1041.3484,-1196.995
1038.9044,-1196.6302
1036.5051,-1195.759
1033.964,-1196.5847
1031.4645,-1196.9036
1028.9331,-1197.5637
1026.3834,-1198.3961
1023.8143,-1199.4014
1021.2408,-1200.4094
1018.7308,-1200.7374
1016.2023,-1201.2379
1013.60095,-1202.4243
1011.1755,-1201.9022
1008.6048,-1202.7504
1005.9926,-1203.9438
1003.7599,-1201.714
1001.204,-1202.3951
998.6252,-1203.2496
996.22565,-1202.5654
993.7256,-1202.7384
991.45605,-1201.0343
988.95856,-1201.2102
986.3514,-1202.2411
984.4238,-1197.9956
981.75256,-1199.5337
979.18805,-1200.2258
976.94403,-1198.5408
974.42535,-1198.8953
972.11914,-1197.726
969.69684,-1197.4062
967.10425,-1198.273
964.7315,-1197.6176
962.08386,-1198.8264
959.61,-1198.8513
957.3693,-1197.3546
954.6351,-1199.0752
952.2402,-1198.5964
949.7389,-1198.7968
947.15436,-1199.5071
944.67786,-1199.5409
942.0602,-1200.4243
939.2378,-1202.5016
936.0546,-1206.6427
933.7399,-1205.653
931.72766,-1202.96
928.57715,-1206.7633
925.9305,-1207.6646
924.0879,-1204.1127
921.09814,-1206.896
919.24005,-1203.5231
918.3755,-1194.9436
915.36426,-1197.8545
917.901,-1171.857
917.99396,-1159.0118
914.54663,-1164.4425
914.8006,-1151.1519
912.3031,-1151.8282
909.96014,-1151.7299
908.31647,-1148.2292
905.7244,-1149.3689
903.12646,-1150.5121
901.1128,-1148.8733
898.51,-1150.0178
891.39185,-1172.0144
888.8279,-1172.7247
886.72186,-1171.3436
884.5842,-1170.128
881.9813,-1171.001
879.7016,-1170.4308
877.56995,-1169.2224
874.8859,-1170.4192
872.64465,-1169.6947
870.02716,-1170.5746
867.36584,-1171.6182
864.6209,-1172.9872
862.0637,-1173.5541
857.9159,-1180.6147
854.6497,-1183.9758
851.938,-1185.0498
848.3498,-1189.5978
845.74493,-1190.1855
843.7726,-1188.2882
843.8296,-1178.5424
840.35974,-1182.5483
839.7711,-1175.4846
838.0491,-1172.8363
835.5253,-1173.2502
833.7767,-1170.7738
831.1296,-1171.6674
827.9104,-1174.6544
824.7656,-1177.3324
822.5517,-1176.6144
218.7235,-1279.6182
218.02298,-1284.6626
212.71144,-1280.8961
204.34079,-1271.1914
199.75865,-1268.7394
197.59512,-1270.9752
193.90858,-1270.2509
190.10194,-1269.282
189.29489,-1274.241
186.2282,-1274.7534
182.29295,-1273.5316
181.82248,-1279.2662
179.11394,-1280.5322
175.04996,-1279.0521
169.2992,-1274.1045
166.11417,-1274.3738
161.4964,-1271.6816
158.20284,-1271.7067
153.73566,-1269.276
137.75809,-1242.6464
134.88757,-1243.3898
131.01906,-1242.0177
124.86614,-1235.7494
122.01478,-1236.4907
119.0555,-1237.0011
115.45378,-1236.1171
112.39319,-1236.3975
111.889565,-1242.2838
109.56484,-1244.2123
106.28091,-1244.0281
107.99488,-1254.9817
103.83875,-1252.8866
110.42556,-1274.9775
108.9281,-1278.9803
108.412025,-1285.2538
96.973236,-1266.5768
96.7302,-1273.4716
89.19598,-1263.545
81.16926,-1252.3483
78.10499,-1252.6514
74.036766,-1250.5848
70.78197,-1250.4175
67.7295,-1250.725
64.77747,-1251.2708
61.23734,-1250.3987
56.15336,-1245.7651
50.06166,-1238.6122
46.4813,-1237.5344
39.194168,-1227.2847
35.75259,-1226.4602
33.502472,-1228.5974
32.89105,-1234.8744
29.169178,-1233.3542
26.180561,-1233.6755
24.543453,-1237.4548
21.370468,-1237.3185
20.707655,-1243.6797
18.151852,-1245.1774
14.435683,-1243.6431
15.621875,-1255.0264
12.0640745,-1253.9436
10.021955,-1256.893
8.773008,-1262.0078
5.829441,-1262.5935
1.8329134,-1260.3103
-2.2329292,-1257.8005
-5.420753,-1257.6757
-9.031664,-1256.3665
-12.54749,-1255.2991
-15.802659,-1254.945
-18.969593,-1254.8297
-22.050188,-1254.9528
-25.128332,-1255.0779
-28.204086,-1255.205
-31.439459,-1254.8617
-34.911034,-1253.8135
-38.055447,-1253.7112
-41.59143,-1252.4347
-41.728558,-1261.3282
-46.139935,-1257.4299
-52.216007,-1248.4031
-55.711426,-1247.1478
-59.121727,-1246.1304
-61.176434,-1249.308
-64.50814,-1248.5245
-67.01993,-1250.3116
-67.98306,-1257.0471
-70.8808,-1257.6764
-73.26553,-1259.9663
-75.72942,-1262.0277
-78.12604,-1264.3354
-84.044586,-1255.0238
-87.49633,-1253.7816
-90.24042,-1254.891
-91.31161,-1261.6786
-94.69692,-1260.6667
-97.661385,-1261.0807
-101.37544,-1258.8926
-105.00688,-1256.9506
-111.26644,-1245.6936
-115.357994,-1241.956
-118.33659,-1242.143
-122.58008,-1237.7473
-125.79485,-1237.0253
-129.43588,-1234.7137
-133.06116,-1232.4138
-136.12827,-1232.1583
-139.37106,-1231.2273
-142.31091,-1231.4287
-145.19061,-1231.8582
-148.24455,-1231.6123
-151.4101,-1230.9174
-153.3694,-1234.9745
-156.25183,-1235.4143
-159.02115,-1236.3113
-160.89412,-1240.8635
-163.28276,-1243.3777
-166.23401,-1243.6008
-169.78708,-1241.3033
-172.83856,-1241.0731
-175.18817,-1243.8251
-178.24025,-1243.5985
-181.39456,-1242.9155
-183.28679,-1247.7566
-186.54819,-1246.6124
-189.59622,-1246.394
-191.82509,-1249.8741
-194.26721,-1252.4435
-195.04123,-1262.7731
-195.6204,-1274.2281
-199.12746,-1272.0903
-205.343,-1256.9651
-209.50778,-1251.4032
-213.63544,-1245.8932
-217.26352,-1242.7177
-219.95627,-1244.1296
-222.83498,-1244.6288
-225.89372,-1244.2134
-229.21442,-1242.4285
-231.73679,-1244.766
-234.31003,-1246.884
-237.32019,-1246.7076
-237.53976,-1261.6503
-240.36604,-1262.6501
-241.83025,-1271.2484
-242.71233,-1283.3553
-244.81683,-1288.7898
-250.3385,-1274.5574
-252.7845,-1277.9949
-256.1745,-1275.9039
-260.3834,-1268.8138
-263.85123,-1266.049
-266.27118,-1269.6909
-269.72568,-1266.9287
-272.4962,-1268.4404
-275.1245,-1270.9104
-276.99448,-1278.4324
-281.6225,-1267.7758
-286.00317,-1258.4614
-288.86902,-1259.2659
-292.1716,-1257.0363
-295.29767,-1255.9802
-298.5136,-1254.2324
-301.75085,-1252.2611
-304.79135,-1251.6842
-307.8581,-1250.88
-311.00885,-1249.3888
-313.97586,-1249.2837
-316.8264,-1250.1025
-319.98883,-1248.3926
-322.64526,-1250.8285
-323.6027,-1267.7885
-326.13916,-1271.7279
-329.22995,-1270.921
-331.7074,-1275.6019
-334.6714,-1275.9927
-338.497,-1268.2886
-341.39468,-1269.1555
-344.68008,-1266.2407
-348.83008,-1254.4774
-351.74542,-1254.8726
-354.61746,-1255.7351
-357.16895,-1260.0966
-360.09625,-1260.5035
-362.85944,-1262.7875
-365.73215,-1263.9064
-368.76578,-1263.1501
-372.8688,-1249.1764
-375.7902,-1249.3628
-378.694,-1249.782
-381.66733,-1249.2853
-384.58795,-1249.4808
-387.55692,-1248.9906
-390.523,-1248.5038
-393.44122,-1248.7081
-396.24353,-1250.7527
-399.1665,-1250.9634
-402.0086,-1252.5593
-404.79178,-1255.319
-407.76257,-1254.8456
-410.574,-1257.3883
-413.26804,-1262.5142
-416.15073,-1264.1534
-418.74078,-1272.4215
-421.76404,-1271.476
-425.03238,-1264.4025
-427.06863,-1288.5664
-430.44467,-1278.6682
-434.9574,-1233.9518
-437.99924,-1229.286
-440.87558,-1229.531
-443.8906,-1224.6821
-446.75168,-1225.1517
-449.62958,-1224.9617
-452.54205,-1223.0111
-455.4178,-1222.6074
-458.29153,-1222.2067
-461.16043,-1222.0289
-464.02844,-1221.854
-466.89362,-1221.9017
-469.75754,-1222.1722
-472.6265,-1221.5664
-475.4909,-1221.8425
-478.35654,-1221.9019
-481.22308,-1222.1838
-484.08893,-1222.0292
-486.9527,-1221.6578
-489.837,-1223.7094
-492.7132,-1224.2245
-495.58893,-1224.5223
-498.4627,-1224.6024
-501.3291,-1224.2441
-504.1987,-1224.1096
-507.06796,-1223.978
-509.95883,-1224.7319
-512.8296,-1224.6061
-515.7195,-1225.1456
-518.5914,-1225.0258
-521.4112,-1223.3645
-524.3111,-1224.1324
-527.12244,-1222.4795
-529.9803,-1222.1517
-532.87463,-1222.7068
-535.7127,-1221.945
-538.6101,-1222.5057
-541.478,-1222.4097
-544.2099,-1219.6819
-547.0721,-1219.5918
-549.83606,-1217.7546
-552.6818,-1217.4521
-555.5534,-1217.5891
-558.41235,-1217.5106
-561.2574,-1217.2167
-564.1312,-1217.3622
-566.9912,-1217.2921
-569.8831,-1217.6617
-572.66345,-1216.5057
-575.52313,-1216.4441
-578.4179,-1216.8218
-581.17303,-1215.4575
-584.1054,-1216.276
-586.98615,-1216.4436
-589.7914,-1215.7416
-592.7329,-1216.5691
-595.78107,-1218.4945
-598.77686,-1219.7703
-601.5655,-1218.8566
-604.9663,-1224.104
-608.1014,-1226.5084
-610.8783,-1225.3722
-613.8168,-1225.79
-616.6858,-1225.5459
-619.43176,-1224.1982
-622.07294,-1221.974
-625.012,-1222.4006
-620.5992,-1160.5192
-623.1112,-1158.5145
-625.2536,-1153.553
-627.7461,-1151.5751
-630.55536,-1152.1586
-633.03876,-1150.1896
-635.64374,-1149.2073
-638.2719,-1148.4243
-640.68567,-1146.0833
-643.5486,-1147.063
-646.3351,-1147.4602
-649.069,-1147.4691
-651.8325,-1147.6757
-654.71375,-1148.6675
-657.5423,-1149.2711
-660.3751,-1149.8777
-663.24243,-1150.6838
-666.08417,-1151.2965
-668.99274,-1152.3064
-672.0988,-1154.5071
-675.02313,-1155.5275
-678.05273,-1157.1483
-681.1591,-1159.1754
-684.0391,-1159.8116
-687.3388,-1162.8564
-689.9532,-1161.8953
-693.1699,-1164.3518
-696.6559,-1168.2386
-699.5374,-1168.695
-706.3032,-1190.2294
-709.7953,-1193.6632
-712.1108,-1190.7736
-716.0702,-1196.5493
-719.4896,-1199.3878
-722.1319,-1198.1807
-724.8552,-1197.4036
-727.8756,-1198.1196
-730.04,-1194.5854
-732.93036,-1194.6666
-736.13104,-1196.2367
-738.1425,-1192.0846
-741.12354,-1192.5951
-743.7928,-1191.629
-720.2217,-1069.3656
-749.6785,-1192.2391
-722.2528,-1055.0876
-723.82416,-1050.6487
-726.76697,-1052.368
-727.60596,-1044.824
-730.46655,-1046.1986
-732.8761,-1045.6018
-734.9376,-1043.5302
-737.7316,-1044.5782
-739.90326,-1043.0035
-742.34735,-1042.579
-744.87134,-1042.4834
-747.195,-1041.5713
-749.6386,-1041.1519
-752.2464,-1041.3872
-754.7743,-1041.2974
-757.42926,-1041.6995
-759.87683,-1041.2853
-762.5376,-1041.6906
-765.20233,-1042.0975
-767.5667,-1041.3599
-770.2365,-1041.7695
-772.9104,-1042.1812
-775.3649,-1041.7747
-778.2253,-1042.8457
-780.6835,-1042.4414
-783.1877,-1042.2026
-785.8317,-1042.4578
-789.322,-1045.6804
-791.8384,-1045.445
-794.165,-1044.5504
-831.3439,-1163.3726
-832.8874,-1158.8715
-828.946,-1135.9005
-831.73456,-1135.8473
-835.0506,-1137.543
-836.90814,-1134.3905
-839.7007,-1134.3424
-842.61475,-1134.6831
-846.0144,-1136.5782
-849.1846,-1137.7026
-859.6878,-1162.1055
-866.98474,-1176.0254
-869.8929,-1175.9939
-872.93744,-1176.3796
-875.852,-1176.3519
-883.16003,-1189.7773
-891.7809,-1206.9979
-894.19867,-1205.2339
-899.01886,-1210.6926
-902.62115,-1212.4419
-906.1616,-1213.9773
-908.50867,-1211.9803
-911.68195,-1212.4143
-914.86017,-1212.8505
-917.6595,-1212.1842
-920.9222,-1212.845
-923.4905,-1211.52
-926.2904,-1210.8597
-929.4049,-1211.0833
-931.17834,-1207.568
-934.6087,-1208.6715
-937.7271,-1208.8987
-938.44,-1202.5592
-941.4679,-1202.5676
-943.609,-1200.1846
-946.47345,-1199.7607
-949.7473,-1200.4237
-951.7932,-1197.8331
-955.1529,-1198.7131
-958.437,-1199.379
-960.88855,-1197.8759
-964.3484,-1198.9777
-966.88226,-1197.6934
-969.75494,-1197.2786
-973.0587,-1197.9492
-975.5904,-1196.6687
-978.72845,-1196.9073
-981.69617,-1196.7134
-984.5784,-1196.3038
-987.5511,-1196.1122
-990.61584,-1196.1384
-993.77454,-1196.3829
-997.2097,-1197.2809
-1001.019,-1199.0535
-1004.93567,-1201.0521
-1008.2199,-1201.5242
-1011.6976,-1202.4368
-1015.09033,-1203.1324
-1017.263,-1200.977
-1020.2829,-1200.7969
-1023.8767,-1201.9326
-1025.1831,-1197.8184
-1028.9701,-1199.3872
-1031.9951,-1199.2107
-1033.4731,-1195.5493
-1036.8802,-1196.2443
-1039.8038,-1195.8528
-1043.0206,-1196.1141
-1046.5354,-1197.0292
-1049.9557,-1197.7278
-1053.3794,-1198.4275
-1056.9067,-1199.3468
-1060.3369,-1200.0485
-1063.7694,-1200.751
-778.18225,-1181.5513
-780.52106,-1181.9753
-782.75824,-1182.7406
-783.68304,-1187.7925
-786.5675,-1186.502
-789.1877,-1186.0714
-790.928,-1188.564
-793.4516,-1188.4764
-795.46423,-1190.1154
-797.89185,-1190.3739
-800.5242,-1189.9408
-802.09937,-1193.1482
-805.0386,-1191.6719
-807.82263,-1190.7189
-809.5203,-1193.5844
-811.66943,-1194.8928
-831.04694,-1134.4792
-833.4163,-1134.5527
-835.8292,-1134.4702
-838.54034,-1133.2927
-841.16125,-1132.4304
-843.48486,-1132.6625
-845.39264,-1134.4607
-848.0924,-1133.2859
-850.00757,-1135.0885
-852.0102,-1136.5834
-854.46387,-1136.35
-843.49786,-1188.7113
-846.06635,-1188.4635
-848.8929,-1187.1813
-851.79834,-1185.5588
-854.3569,-1185.3147
-856.6619,-1186.103
-859.3865,-1185.1726
-861.94165,-1184.931
-866.2002,-1177.522
-868.77673,-1177.1149
-871.31177,-1176.878
-874.5881,-1173.4326
-877.1137,-1173.1985
-879.1789,-1174.9889
-881.74493,-1174.5869
-884.3844,-1173.8484
-882.3283,-1194.3918
-888.24963,-1178.8058
-888.2585,-1190.2615
-887.5821,-1205.152
-888.99976,-1210.4631
-892.5059,-1205.9257
-895.06323,-1205.868
-897.5837,-1205.9896
-900.1048,-1206.1122
-902.84186,-1205.1647
-905.4684,-1204.7538
-907.8124,-1205.7709
-910.75073,-1203.7574
-912.65027,-1207.0978
-915.4139,-1205.9742
-918.0379,-1205.5676
-919.79333,-1209.8223
-922.39105,-1209.5955
-925.11835,-1208.6508
-927.5187,-1209.505
-930.14575,-1209.1016
-933.1794,-1206.3676
-935.7353,-1206.3262
-938.19904,-1206.8234
-941.6878,-1201.2546
-944.3498,-1200.5068
-946.8917,-1200.47
-949.6343,-1199.1941
-952.2575,-1198.6289
-954.8224,-1198.4187
-957.441,-1197.8564
-960.05695,-1197.2959
-962.5102,-1197.7959
-965.1496,-1197.0612
-967.7079,-1196.8575
-970.16315,-1197.3611
-972.8467,-1196.2776
-975.2286,-1197.313
-977.8098,-1196.9374
-980.4613,-1196.0343
-982.77856,-1197.6035
-985.4045,-1196.8782
-988.02716,-1196.1548
-990.4674,-1196.8447
-993.04297,-1196.4768
-995.59534,-1196.2866
-998.10455,-1196.4508
-1000.5519,-1197.1467
-1002.5283,-1201.9323
-1005.25397,-1200.3213
-1007.8335,-1199.9587
-1010.0804,-1202.6266
-1012.6831,-1202.0869
-1015.17114,-1202.6201
-1017.7168,-1202.6189
-1020.3344,-1201.9045
-1022.8789,-1201.9059
-1025.4236,-1201.9086
-1028.069,-1200.842
-1030.8076,-1198.7117
-1033.3937,-1198.1853
-1035.9467,-1198.0155
-1038.5443,-1197.315
-1041.0803,-1197.3252
-1043.5593,-1198.0469
-1046.0695,-1198.4158
-1048.5815,-1198.7863
-1051.0426,-1199.8712
-1053.611,-1199.533
-1056.0039,-1201.6952
-1058.5996,-1201.0016
-1061.2157,-1199.9531
-1063.5448,-1203.378
-1066.1405,-1202.6871
-1068.6594,-1203.2537
-1071.1096,-1205.0823
-1073.6367,-1205.655
-1075.9956,-1209.4897
-1078.5898,-1208.9814
-1081.2346,-1207.388
-1083.5724,-1212.3365
-1086.1548,-1212.1962
-1088.6838,-1213.3368
-1091.1384,-1216.5028
-1093.7648,-1215.4479
-1096.2512,-1218.2611
-1098.7927,-1219.7932
-1101.387,-1219.8478
-1103.8225,-1225.4896
-1106.4603,-1224.4279
-1109.0625,-1224.6761
-1111.6211,-1226.987
-1114.2538,-1226.115
-1116.8898,-1224.8713
-1119.5038,-1224.7528
-1122.1107,-1225.1976
-1124.671,-1230.1609
-1127.2983,-1230.048
-1129.937,-1228.2389
-1132.5669,-1226.8123
-1135.1893,-1226.3285
-1137.8103,-1225.0963
-1140.4282,-1224.4297
-1143.0448,-1223.9525
-1145.6666,-1224.4137
-1148.2845,-1224.1273
-1150.9065,-1224.2175
-1153.5221,-1223.7473
-1156.119,-1222.1566
-1158.7501,-1222.8129
-1161.3625,-1222.3486
-1164.2358,-1233.5929
-1166.8486,-1232.1743
-1169.4307,-1229.8118
-1171.9052,-1224.0688
-1174.3685,-1218.7527
-1176.9597,-1217.9291
-1179.4757,-1215.0684
-1182.0085,-1212.9594
-1184.6072,-1212.7002
-1186.5452,-1196.7943
-1189.3734,-1202.4955
-1192.3344,-1210.4608
-1194.08,-1192.8196
-1196.537,-1190.6132
-1199.0425,-1189.4796
-1201.6033,-1189.414
-1204.3502,-1192.5554
-1207.4385,-1201.1311
-1210.0515,-1201.4355
-1212.5386,-1199.7483
-1215.3099,-1202.4148
-1217.8192,-1201.0905
-1220.3499,-1200.1327
-1222.8911,-1199.3588
-1225.444,-1198.7681
-1228.1791,-1200.5345
-1230.6766,-1199.2213
-1233.2445,-1198.817
-1235.9808,-1200.4092
-1238.5684,-1200.1895
-1241.5953,-1204.8962
-1244.195,-1204.6797
-1246.7952,-1204.4652
-1250.0674,-1211.2537
-1252.7211,-1211.4133
-1255.3773,-1211.5751
-1258.0359,-1211.7389
-1260.5608,-1210.6057
-1262.7657,-1206.5221
-1265.5402,-1207.7955
-1267.9926,-1206.1207
-1270.4814,-1204.8191
-1273.1373,-1204.991
-1275.8176,-1205.349
-1278.368,-1204.6049
-1280.985,-1204.4147
-1283.5798,-1204.0425
-1286.2455,-1204.224
-1288.9856,-1204.9602
-1291.4634,-1203.673
-1294.2838,-1204.9658
-1296.358,-1200.744
-1297.8141,-1192.2035
-1300.1349,-1190.0458
-1301.7051,-1182.721
-1303.8737,-1179.7128
-1306.32,-1178.6586
-1307.892,-1171.8206
-1310.6147,-1172.7006
-1312.9912,-1171.3121
-1314.8989,-1166.9762
-1317.3171,-1165.948
-1319.314,-1162.3385
-1321.7505,-1161.4913
-1324.3285,-1161.5046
-1326.9088,-1161.5197
-1329.5503,-1161.8804
-1332.226,-1162.4156
-1335.0886,-1163.9895
-1337.6534,-1163.84
-1340.6265,-1165.9436
-1343.1682,-1165.6243
-1345.5503,-1164.4402
-1348.7433,-1167.5989
-1351.2607,-1167.1102
-1353.8788,-1167.146
-1356.6012,-1167.7068
-1359.1915,-1167.5719
-1363.8877,-1178.0115
-1367.0092,-1180.3779
-1369.3455,-1178.8229
-1375.3224,-1194.9738
-1378.333,-1196.5068
-1380.6571,-1194.7344
-1382.782,-1192.0532
-1385.4882,-1192.1204
-1386.5762,-1184.7375
-1388.7944,-1182.6405
-1391.3665,-1182.1682
-1391.5779,-1171.1841
-1392.6542,-1164.2268
-1393.7583,-1157.5226
-1394.0244,-1147.3245
-1396.6841,-1147.5513
-1399.2675,-1147.4406
-1401.651,-1146.484
-1404.1963,-1146.207
-1407.2386,-1147.9677
-1409.792,-1147.6935
-1413.1504,-1150.6602
-1416.7893,-1154.68
-1419.8018,-1156.1361
-1423.7577,-1161.2515
-1426.7594,-1162.5575
-1429.5437,-1162.9928
-1432.7021,-1164.8358
-1435.5945,-1165.63
-1437.8356,-1163.962
-1440.5936,-1164.2308
-1443.1172,-1163.6222
-1444.4406,-1158.6395
-1445.1338,-1151.4546
-1449.3729,-1157.0879
-1451.6431,-1155.62
-1454.107,-1154.8496
-1456.1743,-1152.6962
-1456.8494,-1145.7462
-1459.6946,-1146.3557
-1463.6066,-1150.5792
-1465.9652,-1149.4751
-1468.4249,-1148.7178
-1470.5747,-1146.9316
-1473.2404,-1146.8655
-1475.9093,-1146.8009
-1478.4227,-1146.2225
-1480.937,-1145.6459
-1484.7452,-1149.2024
-1487.6523,-1149.837
-1489.9067,-1148.3983
-1490.948,-1143.1843
-1492.3107,-1139.0345
-1494.3805,-1137.112
-1492.8848,-1124.3224
-1496.1879,-1126.2559
-1494.7959,-1114.027
-1496.1731,-1110.2377
-1498.4658,-1109.2084
-1495.3088,-1092.1503
-1498.2633,-1093.1812
-1500.2007,-1091.2394
-1497.9086,-1077.1422
-1500.7784,-1077.9886
-1498.0879,-1063.0377
-1499.9249,-1061.0432
-1502.6014,-1061.4159
-1499.824,-1046.6224
-1502.728,-1047.6995
-1504.0156,-1044.3231
-1502.5468,-1033.4824
-1504.3362,-1031.5869
-1504.4694,-1025.2615
-1503.9381,-1017.24084
-1507.1389,-1019.20404
-1499.3325,-992.17096
-1500.8145,-989.7633
-1503.2795,-989.93243
-1490.0824,-949.65686
-1492.5776,-950.1456
-1489.3237,-935.95233
-1491.1969,-934.93
-1493.3865,-934.71
