1934.4651,-1140.0922
1931.4075,-1140.4155
1928.6183,-1141.0999
1924.6289,-1140.1625
1921.4446,-1140.307
1918.6583,-1140.9913
1915.8715,-1141.6763
1912.5609,-1141.6418
1911.3411,-1144.4907
1908.8102,-1145.5394
1905.3696,-1145.3237
1903.8737,-1147.8219
1900.6936,-1147.9681
1897.6464,-1148.2965
1895.2416,-1149.5319
1892.3259,-1150.0431
1891.4479,-1153.4664
1889.5466,-1155.4418
1887.1348,-1156.6893
1891.1058,-1167.1931
1887.6503,-1166.9664
1886.1184,-1169.5422
1887.2797,-1176.089
1884.0724,-1176.2361
1881.255,-1176.9521
1878.187,-1177.2915
1874.8717,-1177.2537
1873.9617,-1180.8202
1871.0276,-1181.3536
1869.4807,-1183.9861
1870.8385,-1191.0587
1867.3873,-1190.8252
1858.466,-1182.1692
1852.6136,-1178.1661
1851.4252,-1181.3523
1840.2319,-1168.9707
1838.0835,-1170.6224
1838.4265,-1176.1975
1837.6981,-1180.1239
1836.1312,-1182.7478
1835.9934,-1187.6666
1833.8209,-1189.3628
1830.4574,-1189.1497
1826.8652,-1188.5565
1823.6349,-1188.5377
1819.4781,-1186.9989
1811.7789,-1179.632
1809.961,-1181.8737
1801.8164,-1173.6637
1796.8864,-1170.7117
1794.1879,-1171.4486
1791.7103,-1172.5554
1788.6854,-1172.7424
1786.1002,-1173.6676
1783.8411,-1175.1483
1780.8232,-1175.338
1778.4556,-1176.6378
1776.6241,-1178.8676
1773.3965,-1178.6887
1771.6674,-1181.1112
1768.7637,-1181.4913
1766.3927,-1182.804
1764.1267,-1184.306
1761.123,-1184.503
1759.2762,-1186.7584
1757.1123,-1188.4576
1754.0084,-1188.4697
1749.3619,-1185.6771
1746.1763,-1185.5076
1742.0834,-1183.6661
1733.2247,-1173.0269
1730.1981,-1173.0565
1725.714,-1170.367
1722.7069,-1170.4015
1719.8016,-1170.618
1714.4226,-1166.1573
1711.9171,-1167.095
1709.5065,-1168.214
1706.7208,-1168.6163
1703.6589,-1168.4814
1701.4376,-1169.9641
1699.5853,-1172.1715
1696.8063,-1172.5792
1692.7491,-1170.4678
1689.8011,-1170.5188
1687.4907,-1171.8284
1685.4498,-1173.6815
1682.9568,-1174.6367
1681.2704,-1177.2224
1678.9532,-1178.5463
1676.2788,-1179.1461
1674.1381,-1180.8385
1671.818,-1182.1705
1668.3546,-1181.1361
1664.2087,-1178.657
1661.9825,-1180.1687
1657.2684,-1176.4396
1655.8987,-1179.7548
1654.0977,-1182.1781
1657.1812,-1195.1002
1653.125,-1192.7542
1649.7712,-1191.8964
1642.9105,-1183.3645
1640.4324,-1184.3461
1637.7069,-1184.7839
1634.9841,-1185.2235
1632.6711,-1186.5746
1631.2515,-1189.9398
1628.5264,-1190.3846
1626.0455,-1191.3807
1624.127,-1193.666
1621.2433,-1193.7482
1620.9185,-1199.746
1618.9055,-1201.8752
1617.1283,-1204.5731
1615.6652,-1208.0348
1613.0026,-1208.684
1610.1836,-1208.9581
1607.4463,-1209.4225
1604.7114,-1209.8885
1601.9788,-1210.3563
1599.1715,-1210.6375
1595.6797,-1209.2275
1592.2018,-1207.8247
1589.4878,-1208.2986
1588.124,-1212.1562
1587.431,-1217.7468
1584.628,-1218.0381
1583.695,-1223.105
1582.5311,-1227.6333
1579.4163,-1227.1572
1579.8087,-1235.8086
1576.5317,-1234.935
1570.9166,-1227.8636
1563.0282,-1214.6403
1560.0519,-1214.3816
1555.4845,-1209.8196
1552.601,-1209.7562
1550.4045,-1211.5605
1546.9154,-1209.8219
1544.3812,-1210.6957
1541.313,-1210.0813
1538.9147,-1211.3308
1536.3171,-1212.0239
1531.9598,-1207.7024
1527.7689,-1203.787
1525.386,-1205.0312
1523.5082,-1207.7546
1521.1823,-1209.193
1518.415,-1209.3389
1514.103,-1204.8806
1511.599,-1205.7656
1508.4867,-1204.8173
1506.711,-1207.9108
1503.1256,-1205.4941
1497.9133,-1198.0073
1495.6643,-1199.6167
1492.8336,-1199.4175
1488.8094,-1195.4344
1486.2244,-1195.9615
1482.6901,-1193.4415
1479.617,-1192.363
1477.3746,-1193.9657
1473.9329,-1191.6436
1470.6703,-1189.8672
1468.2178,-1190.7567
1465.712,-1191.4711
1463.3112,-1192.5432
1463.0587,-1200.9705
1460.3787,-1201.1556
1457.2866,-1199.9011
1455.8516,-1204.4253
1453.6857,-1206.4314
1451.3105,-1207.7153
1448.6797,-1208.0911
1446.3522,-1209.5632
1442.7767,-1206.4838
1440.0089,-1206.3204
1437.586,-1207.4296
1434.9683,-1207.8146
1432.6395,-1209.2928
1430.3079,-1210.7756
1428.3046,-1213.5442
1425.494,-1213.2053
1420.4304,-1203.9789
1415.5436,-1195.265
1415.8248,-1207.1178
1407.7562,-1185.3463
1405.2103,-1185.7423
1402.4552,-1185.2708
1398.1349,-1178.2465
1395.8965,-1179.8478
1392.1245,-1174.9436
1389.335,-1174.1538
1386.8654,-1174.7269
1383.1215,-1169.7131
1380.512,-1169.6128
1377.7179,-1168.6737
1375.0426,-1168.242
1372.4822,-1168.3159
1369.9966,-1168.7273
1367.4758,-1168.9725
1365.3125,-1170.9009
1364.7826,-1180.6594
1362.0981,-1180.2258
1360.1556,-1183.3948
1360.2506,-1196.7
1357.5713,-1196.4293
1354.8264,-1195.8098
1352.087,-1195.1934
1349.556,-1195.6317
1346.0591,-1191.0057
1343.77,-1192.6653
1341.2489,-1193.1083
1338.3438,-1191.4629
1335.7648,-1191.5612
1333.032,-1190.7931
1330.4281,-1190.7219
1327.8269,-1190.6527
1325.2582,-1190.7588
1322.7502,-1191.2134
1320.4757,-1193.0591
1318.1091,-1194.3885
1315.682,-1195.3732
1314.0151,-1201.0972
1311.7141,-1202.9769
1308.8826,-1201.5066
1307.4247,-1208.8937
1303.5148,-1200.3406
1302.0535,-1207.8893
1299.4403,-1207.8359
1296.9585,-1208.6743
1293.9932,-1206.1383
1291.54,-1207.1556
1288.5222,-1204.103
1284.319,-1192.1929
1281.825,-1192.6764
1279.1272,-1191.6082
1275.9954,-1187.1149
1273.6017,-1188.2858
1271.354,-1190.6626
1268.7838,-1190.4667
1266.2368,-1190.4446
1263.8129,-1191.4556
1261.4258,-1192.8143
1259.0739,-1194.523
1256.793,-1196.9314
1254.1654,-1196.2234
1252.3372,-1203.0061
1250.1577,-1206.6852
1247.8577,-1209.3241
1245.3015,-1209.4905
1242.7808,-1210.0133
1240.1416,-1209.2982
1237.0836,-1204.0116
1234.576,-1204.5366
1232.3315,-1208.0547
1230.1202,-1212.1272
1227.492,-1211.4202
1224.3091,-1203.8531
1222.2357,-1209.8396
1218.8533,-1199.1733
1215.8926,-1193.4974
1213.8492,-1200.0718
1210.7205,-1191.6526
1208.1018,-1190.1395
1205.4915,-1188.6333
1203.0521,-1189.6804
1200.5255,-1189.369
1198.0317,-1189.5696
1195.5189,-1189.4321
1193.0547,-1190.1465
1190.6425,-1191.8857
1187.9998,-1189.201
1185.7163,-1193.6704
1183.052,-1190.3016
1180.5763,-1190.855
1178.1205,-1191.9214
1175.7084,-1194.1869
1173.1792,-1193.5515
1170.6898,-1193.9432
1168.2109,-1194.6788
1165.7561,-1196.2736
1163.4272,-1202.5352
1161.0594,-1208.3401
1158.4425,-1204.7327
1155.7725,-1197.8779
1153.3146,-1200.3502
1150.6383,-1190.6666
1148.1138,-1188.1965
1145.6377,-1188.6029
1143.1571,-1188.6733
1140.6814,-1189.2523
1138.2009,-1189.3264
1135.7191,-1188.8958
1133.2418,-1189.6488
1130.762,-1190.5735
1128.277,-1192.1792
1125.7865,-1193.6205
1123.2915,-1194.8964
1120.7933,-1196.0056
1118.297,-1196.6058
1115.8033,-1196.8663
1113.3229,-1196.2749
1110.8427,-1195.8567
1108.344,-1196.4634
1105.8278,-1197.756
1103.3446,-1197.513
1100.8401,-1198.1265
1098.3333,-1198.7422
1095.8995,-1196.967
1093.3766,-1198.0975
1091.0804,-1192.7638
1088.5566,-1194.0596
1086.0615,-1194.5107
1083.7511,-1190.5664
1081.2926,-1190.3451
1078.9298,-1188.1101
1076.5604,-1186.2208
1074.0201,-1187.8472
1071.7136,-1184.9624
1069.2811,-1184.587
1066.8217,-1184.7129
1064.6007,-1180.8591
1062.0779,-1182.1465
1059.5923,-1182.7744
1057.3573,-1179.6005
1054.8187,-1181.0546
1052.5665,-1178.3881
1050.0974,-1178.854
1047.6515,-1178.9924
1045.4849,-1175.5243
1042.9551,-1176.8112
1040.4602,-1177.6097
1038.0997,-1176.7708
1035.6445,-1177.0804
1033.3762,-1175.2651
1030.968,-1175.0874
1028.47,-1175.8905
1026.1702,-1174.5732
1023.6229,-1175.8682
1021.26465,-1175.2064
1018.8928,-1174.7101
1016.3544,-1175.8458
1013.96643,-1175.515
1011.47437,-1176.1648
1008.9796,-1176.8167
1006.6104,-1176.3263
1004.14996,-1176.6543
1001.669,-1177.1473
999.3024,-1176.6616
996.8589,-1176.8307
994.53503,-1176.0222
992.0512,-1176.5206
989.54425,-1177.1841
987.4356,-1174.7515
984.8867,-1175.7417
982.28955,-1177.0614
979.97485,-1176.2626
977.4154,-1177.2595
975.0804,-1176.6268
972.60846,-1176.9744
970.13477,-1177.3236
967.8508,-1176.37
965.37665,-1176.7219
962.90076,-1177.0754
960.4482,-1177.2675
957.8678,-1178.277
955.6429,-1177.0038
953.2669,-1176.7113
950.62836,-1178.0499
948.4118,-1176.7821
945.8215,-1177.797
943.25397,-1178.6514
940.90546,-1178.2017
938.3334,-1179.0588
935.2123,-1183.0353
932.42053,-1185.0559
930.152,-1184.1107
926.89777,-1188.6227
924.261,-1189.6665
921.7433,-1190.047
919.31793,-1189.9293
916.60815,-1191.3119
914.3091,-1190.5295
911.72174,-1191.2483
909.0324,-1192.4698
906.66974,-1192.0233
904.07367,-1192.7472
901.54205,-1193.1385
899.1458,-1192.8625
896.64624,-1193.0892
894.4256,-1191.9811
891.8552,-1192.5441
889.2101,-1193.4434
886.958,-1192.5059
884.19794,-1193.9095
881.6152,-1194.4799
879.3648,-1193.5453
876.74084,-1194.2855
874.2267,-1194.5256
871.7487,-1194.6
869.26917,-1194.6759
866.98364,-1193.9167
864.46313,-1194.1633
861.94006,-1194.4116
878.8116,-1113.838
876.36084,-1114.4965
854.7664,-1193.494
852.07385,-1194.4167
849.2933,-1195.677
847.76587,-1191.924
845.70294,-1190.3514
842.7131,-1192.438
840.7852,-1190.3678
838.2197,-1190.7917
837.3831,-1184.608
834.3101,-1187.0048
831.18176,-1189.577
846.79663,-1122.2235
844.15533,-1123.4851
833.22076,-1155.1669
829.97076,-1158.3799
827.2701,-1159.5675
1060.105,-1194.5331
1057.0504,-1194.4745
1053.9955,-1194.416
1049.3815,-1190.9052
1045.3702,-1188.7007
1042.234,-1188.4309
1038.9092,-1187.7339
1035.7777,-1187.4661
1032.4604,-1186.7722
1029.3346,-1186.5067
1026.1187,-1186.0292
1022.99896,-1185.7664
1019.8823,-1185.505
1016.678,-1185.0322
1013.65924,-1184.9866
1010.55334,-1184.7299
1007.54083,-1184.6871
1004.53156,-1184.6461
1001.43726,-1184.3948
998.17224,-1183.7214
995.176,-1183.6863
992.1839,-1183.6531
989.28235,-1183.834
986.5557,-1184.4406
983.4047,-1183.9904
980.34503,-1183.7544
977.2909,-1183.521
975.2465,-1185.8308
972.1133,-1185.3887
969.6492,-1186.6455
966.9362,-1187.2686
963.8964,-1187.0441
961.1061,-1187.459
958.1556,-1187.4513
954.9674,-1186.8088
952.3458,-1187.6542
949.32635,-1187.4403
946.2324,-1187.0165
943.2225,-1186.807
940.29474,-1186.8116
937.29285,-1186.6063
934.52594,-1187.0385
931.6072,-1187.0488
929.2239,-1188.5454
926.38324,-1188.7716
924.2981,-1191.1266
922.2834,-1193.7052
920.3385,-1196.5099
917.9382,-1198.0348
915.1624,-1198.4867
912.09174,-1198.0792
909.3927,-1198.75
906.32874,-1198.3462
903.41425,-1198.375
900.4305,-1198.1907
897.4504,-1198.0083
894.9703,-1199.3335
892.0643,-1199.3696
889.16077,-1199.408
886.1209,-1199.0178
883.2236,-1199.06
880.32874,-1199.1041
877.5044,-1199.3652
874.5467,-1199.1984
871.6595,-1199.2484
868.7083,-1199.0858
865.7607,-1198.9253
862.88196,-1198.9814
860.3951,-1200.328
857.45374,-1200.1731
854.5798,-1200.2351
851.6448,-1200.0844
848.77606,-1200.1504
845.84735,-1200.0039
842.92194,-1199.8597
838.4123,-1194.1693
835.5071,-1194.0321
832.6649,-1194.1093
828.23145,-1188.4822
824.7672,-1186.2544
784.2264,-1048.9617
781.182,-1047.0682
778.5955,-1046.8357
775.7915,-1045.7787
772.99493,-1044.7256
770.55206,-1044.9933
768.02423,-1044.933
765.5414,-1045.0388
762.9757,-1044.8167
760.4131,-1044.5962
757.895,-1044.5417
755.2151,-1043.8314
752.74365,-1043.9443
750.23346,-1043.8947
747.7654,-1044.0105
745.1801,-1043.6353
742.7943,-1044.0824
740.292,-1044.0385
737.83026,-1044.16
735.3698,-1044.2832
732.83527,-1044.0796
730.41547,-1044.3696
728.10724,-1045.154
725.6875,-1045.4474
723.19556,-1045.4135
720.8854,-1046.2032
718.4667,-1046.5013
717.3257,-1052.7605
714.40173,-1050.7378
712.4999,-1053.5353
734.81793,-1173.0767
732.00775,-1172.8171
729.61615,-1174.6001
726.97253,-1175.1616
724.28796,-1175.5212
722.0079,-1177.9331
719.28,-1178.0929
716.63275,-1178.6658
714.18115,-1180.2703
711.37555,-1180.0253
708.80316,-1181.0182
706.03876,-1180.9834
703.23883,-1180.7448
700.9238,-1183.1908
698.08685,-1182.749
695.3623,-1182.9293
692.81775,-1184.1461
689.9867,-1183.7103
688.42224,-1190.7601
686.3146,-1194.726
683.4319,-1194.0779
680.0104,-1190.084
678.01624,-1194.8912
673.5309,-1184.0397
669.15704,-1173.5818
666.4639,-1173.7826
663.9557,-1175.2065
661.10944,-1174.3942
658.35767,-1174.195
655.5788,-1173.7948
652.8319,-1173.6002
650.17255,-1174.0172
647.4846,-1174.2332
644.68677,-1173.639
642.8462,-1180.1854
640.7697,-1185.1458
638.16785,-1186.2008
636.3838,-1193.7206
633.7889,-1195.0035
630.88086,-1193.7727
627.9294,-1192.129
625.23376,-1192.579
622.2706,-1190.7352
619.4833,-1190.3557
616.6987,-1189.9789
613.93976,-1189.8126
611.2273,-1190.0651
608.8442,-1193.4497
606.7097,-1199.3832
603.9996,-1199.8572
601.5393,-1202.8759
598.88324,-1203.9948
596.103,-1203.8413
592.8175,-1198.1897
590.0527,-1198.0431
587.3634,-1198.7418
584.34766,-1195.6566
581.627,-1195.938
578.95715,-1196.8519
576.15125,-1196.0885
573.47876,-1197.0076
570.6616,-1196.0393
567.9409,-1196.3333
565.2049,-1196.4198
562.4692,-1196.509
559.7337,-1196.6007
557.0658,-1197.7455
554.3285,-1197.8424
551.59143,-1197.9419
548.84235,-1197.8334
546.1176,-1198.1483
543.336,-1197.4142
540.59033,-1197.3137
537.85583,-1197.4258
535.1213,-1197.5404
532.3867,-1197.6577
529.652,-1197.7775
526.9172,-1197.8999
524.1902,-1198.2352
521.44696,-1198.1526
518.7186,-1198.4933
515.9825,-1198.6262
513.246,-1198.7617
510.5092,-1198.8998
507.77203,-1199.0406
505.03445,-1199.1841
502.292,-1199.1195
499.55396,-1199.2682
496.81897,-1199.6304
494.07947,-1199.7844
491.33673,-1199.7303
488.5965,-1199.8898
485.85562,-1200.0519
483.11276,-1200.0056
480.37183,-1200.384
477.63046,-1201.3989
474.88492,-1201.5721
472.1386,-1201.7479
469.39056,-1202.138
466.64215,-1202.3193
463.89288,-1202.5033
461.1427,-1202.6901
458.38885,-1203.0914
455.63635,-1203.2838
452.8829,-1203.4789
450.12842,-1203.6768
447.36377,-1204.3019
444.60626,-1204.5055
441.85318,-1204.4993
438.99857,-1208.1171
436.19864,-1209.3994
433.37207,-1211.331
430.09525,-1226.1052
427.34253,-1224.7966
424.94818,-1214.3674
422.22467,-1213.0874
419.46927,-1212.6729
416.9764,-1206.4805
414.18564,-1207.1414
411.42322,-1207.165
408.9021,-1202.514
406.14874,-1202.5428
403.35916,-1203.2102
400.62787,-1202.8204
397.84653,-1203.2815
395.06262,-1203.7457
392.30356,-1203.7882
389.47266,-1204.896
385.1702,-1227.2379
383.01196,-1218.1063
381.4148,-1201.8649
378.43152,-1204.8921
375.8799,-1202.191
373.3215,-1199.7148
370.5475,-1199.9897
367.70023,-1201.1129
364.902,-1201.6056
362.13824,-1201.6779
359.25787,-1203.0247
356.37048,-1204.3772
353.557,-1204.8837
350.6782,-1206.0327
347.85687,-1206.5461
345.03232,-1207.0627
342.20447,-1207.5825
339.39597,-1207.8916
336.58505,-1208.2036
333.77173,-1208.5187
330.98,-1208.6222
324.8197,-1238.1024
320.90524,-1247.2538
321.30978,-1219.7596
318.59354,-1219.0055
314.8263,-1226.796
311.90305,-1227.583
309.36902,-1225.2865
306.7857,-1223.4393
303.68735,-1225.5499
300.25116,-1230.105
299.42712,-1215.3369
298.26706,-1203.4476
295.1979,-1205.5027
292.87833,-1202.2349
290.4774,-1199.6199
287.8057,-1198.9169
285.51282,-1195.6881
282.5947,-1196.677
280.28418,-1193.6733
277.78802,-1191.9391
274.9013,-1192.7203
272.1437,-1192.6667
269.28287,-1193.2445
266.41785,-1193.8254
263.72357,-1193.36
260.95892,-1193.3165
258.0134,-1194.3257
255.1344,-1194.9182
252.36183,-1194.8827
248.31029,-1202.0448
244.2108,-1209.2933
241.08797,-1210.992
239.10524,-1206.4497
235.899,-1208.5762
233.69325,-1205.338
232.58908,-1196.3916
230.0849,-1194.9004
227.99435,-1191.3164
225.25449,-1191.0963
222.30467,-1191.9266
218.96722,-1194.6544
216.00117,-1195.4954
212.37434,-1199.5178
207.06448,-1211.5299
204.18146,-1211.7542
202.89911,-1204.4413
200.1197,-1204.2385
197.01349,-1205.5388
193.99323,-1206.4146
191.34775,-1205.5746
188.2232,-1206.8859
183.91591,-1213.3992
180.76007,-1214.7334
175.97649,-1223.1
171.75058,-1228.9028
169.73817,-1225.1644
168.1008,-1219.9082
165.32245,-1219.5107
162.49068,-1219.3356
159.71106,-1218.9431
156.55252,-1220.0918
155.07379,-1214.4464
152.35529,-1213.8448
149.4168,-1214.118
148.57599,-1206.1523
145.92729,-1205.3481
143.50276,-1203.6875
141.53036,-1200.321
138.38406,-1201.4534
136.14082,-1199.1672
133.84648,-1197.1034
130.92488,-1197.3846
128.98505,-1194.0576
126.123085,-1194.1298
123.1407,-1194.628
120.3908,-1194.2806
117.4606,-1194.5717
112.82905,-1200.8379
108.27187,-1206.739
104.86326,-1208.5632
99.97936,-1215.4227
96.46507,-1217.4994
93.978195,-1216.0605
92.99043,-1209.6024
90.06165,-1209.705
88.180115,-1206.3351
86.17505,-1203.4147
83.38487,-1203.09
80.92637,-1201.6908
77.86832,-1202.2316
74.940216,-1202.344
72.95999,-1199.4478
69.82799,-1200.2073
67.652374,-1197.9652
65.13755,-1196.7998
61.651627,-1198.6333
59.835464,-1195.3326
56.904175,-1195.456
53.18894,-1197.9349
47.57849,-1206.048
44.612785,-1206.1815
40.5372,-1209.5856
37.40814,-1210.1616
34.348747,-1210.5214
34.216442,-1202.3965
31.320389,-1202.3214
29.403696,-1199.4434
28.021313,-1195.0803
24.375502,-1197.1519
23.464298,-1191.5277
21.039392,-1190.1848
18.38732,-1189.482
17.425297,-1184.1356
14.475344,-1184.2823
9.887802,-1188.8691
6.4480853,-1190.296
3.2360256,-1191.0895
-1.105379,-1194.8784
-4.4205623,-1195.8972
-7.5806246,-1196.4897
-12.065085,-1200.537
-14.996457,-1200.4891
-18.684427,-1202.3938
-24.598589,-1209.9949
-27.30221,-1209.2948
-26.405962,-1199.449
-27.981909,-1195.9578
-31.5186,-1197.4269
-34.375095,-1197.1741
-37.494072,-1197.5701
-40.355846,-1197.3203
-41.81741,-1193.6287
-45.203472,-1194.6711
-46.565643,-1190.7814
-48.8039,-1189.0436
-52.63882,-1191.1517
-54.697323,-1188.988
-57.5593,-1188.7491
-61.328682,-1190.6484
-67.2249,-1197.5144
-71.50939,-1200.5332
-73.569305,-1198.3441
-76.84465,-1198.9791
-79.938286,-1199.1818
-80.19809,-1192.8977
-83.190315,-1192.8843
-87.33165,-1195.461
-95.48101,-1207.0159
-99.902374,-1210.1012
-98.90184,-1201.0847
-102.426445,-1202.1722
-105.363335,-1201.9495
-105.419624,-1195.4166
-107.94634,-1194.3302
-111.36835,-1195.1919
-114.39435,-1195.1886
-117.92707,-1196.2704
-124.12964,-1203.0359
-131.029,-1211.2109
-133.6772,-1210.3245
-132.75192,-1201.9391
-134.43571,-1199.0938
-138.73521,-1201.7195
-140.29686,-1198.6545
-143.64821,-1199.3086
-785.03284,-1159.703
-787.3821,-1159.944
-789.68384,-1160.3486
-791.182,-1163.3826
-793.94763,-1162.3083
-796.3119,-1162.5503
-798.084,-1164.7712
-800.70386,-1164.189
-802.7842,-1165.4241
-805.1139,-1165.8337
-807.5433,-1165.9128
-809.25214,-1168.4828
-811.9285,-1167.7314
-814.41254,-1167.6458
-816.51965,-1168.8916
-819.241,-1167.9744
-821.12213,-1170.0568
-823.6585,-1169.8059
-826.33136,-1169.0554
-828.36414,-1170.6427
-830.85504,-1170.5609
-833.3901,-1170.3127
-835.5676,-1171.4039
-838.1025,-1171.1572
-855.0934,-1115.6586
-857.5402,-1115.2794
-860.1796,-1114.1451
-861.4978,-1118.1655
-863.9082,-1117.9393
-865.7817,-1119.8483
-867.6231,-1121.9186
-870.0015,-1121.8469
-857.20746,-1183.87
-859.05316,-1186.5491
-875.8756,-1126.8752
-869.23126,-1164.7769
-873.06104,-1158.9352
-874.97955,-1161.1702
-875.6747,-1168.7358
-877.4606,-1171.685
-876.3877,-1187.2852
-878.982,-1186.8759
-881.9579,-1184.7457
-883.8992,-1187.2677
-886.56647,-1186.5154
-889.19324,-1185.9369
-891.5595,-1186.5662
-894.14795,-1186.1614
-896.6986,-1185.9297
-899.2485,-1185.699
-901.7975,-1185.4691
-904.1705,-1186.1019
-906.75433,-1185.7012
-909.3364,-1185.3013
-911.8491,-1185.2471
-914.36163,-1185.1937
-916.84076,-1185.3137
-919.4187,-1184.9175
-922.0596,-1184.1783
-924.37726,-1185.1624
-927.0154,-1184.4246
-929.61884,-1183.8607
-932.12714,-1183.8142
-934.7569,-1183.0809
-937.41315,-1182.1779
-939.8874,-1182.3064
-942.44965,-1181.921
-945.55695,-1178.2877
-948.27765,-1176.885
-950.8523,-1176.336
-953.50653,-1175.2792
-956.0205,-1175.073
-958.4531,-1175.3771
-960.96594,-1175.1731
-963.5036,-1174.8008
-965.8858,-1175.4481
-968.44745,-1174.9081
-970.9816,-1174.5393
-973.3916,-1175.0204
-975.99664,-1174.1448
-978.36017,-1174.9677
-980.8909,-1174.6034
-983.4892,-1173.7317
-985.789,-1175.0676
-988.3846,-1174.1973
-990.88855,-1174.0077
-993.28394,-1174.6683
-995.8307,-1174.1412
-998.2919,-1174.2948
-1000.75385,-1174.4497
-1003.2367,-1174.4358
-1005.6801,-1174.7632
-1008.1832,-1174.5818
-1010.66675,-1174.5715
-1013.1318,-1174.7327
-1015.6524,-1174.3846
-1018.0644,-1175.0588
-1020.6022,-1174.543
-1023.1378,-1174.0284
-1025.5039,-1175.2173
-1028.0884,-1174.1942
-1030.5885,-1174.0236
-1032.9788,-1175.0464
-1035.5416,-1174.1969
-1037.952,-1175.0524
-1040.4536,-1174.8868
-1042.9547,-1174.7227
-1045.4417,-1174.7302
-1047.9423,-1174.5685
-1050.4293,-1174.5787
-1052.8916,-1174.9315
-1055.3801,-1174.9445
-1057.7736,-1176.3262
-1060.3005,-1175.829
-1062.8591,-1174.821
-1065.1755,-1177.5785
-1067.7135,-1176.913
-1070.2286,-1176.592
-1072.626,-1178.3319
-1075.1248,-1178.357
-1077.5339,-1180.1064
-1080.0201,-1180.4803
-1082.5415,-1180.165
-1084.8794,-1183.8345
-1087.4303,-1183.0
-1089.9348,-1183.2091
-1092.3243,-1186.3816
-1094.8508,-1186.2465
-1097.2671,-1189.2656
-1099.7715,-1190.0123
-1102.3389,-1188.8271
-1104.7412,-1193.2817
-1107.2607,-1194.04
-1109.7926,-1194.4463
-1112.2449,-1198.5967
-1114.818,-1197.5809
-1117.2738,-1203.0203
-1119.8231,-1203.9835
-1122.4036,-1202.9639
-1124.9005,-1209.1931
-1127.4751,-1209.8088
-1130.052,-1210.6099
-1132.6045,-1218.0435
-1135.2059,-1218.3057
-1137.8104,-1225.8469
-1140.4353,-1227.4348
-1143.0673,-1228.8408
-1145.8712,-1254.1984
-1148.5858,-1257.2623
-1151.2456,-1254.2043
-1153.9971,-1258.8613
-1156.6766,-1257.5803
-1159.4443,-1261.4717
-1162.15,-1261.3859
-1164.8385,-1260.504
-1167.5535,-1260.8213
-1170.2655,-1260.9412
-1173.0082,-1262.063
-1175.832,-1265.6003
-1178.552,-1265.5275
-1181.1086,-1260.8429
-1183.6692,-1256.7891
-1186.3806,-1256.9198
-1188.8512,-1251.3158
-1191.5182,-1250.6605
-1194.211,-1250.5978
-1196.9436,-1251.3247
-1199.5999,-1250.4784
-1202.2853,-1250.2249
-1205.0804,-1251.9445
-1207.8278,-1252.6827
-1210.1189,-1245.7501
-1212.8091,-1245.7007
-1215.3619,-1243.5056
-1217.8162,-1239.9609
-1220.4706,-1239.5288
-1223.0833,-1238.5182
-1225.7072,-1237.704
-1228.3582,-1237.2787
-1231.0238,-1237.0485
-1233.5973,-1235.6625
-1236.8527,-1242.6117
-1239.8647,-1246.3016
-1242.5719,-1246.2753
-1245.3508,-1247.0376
-1248.045,-1246.819
-1250.7767,-1246.9958
-1253.7191,-1249.3458
-1255.9584,-1244.4078
-1258.2396,-1240.0933
-1260.0709,-1231.5682
-1263.0609,-1234.4432
-1265.385,-1230.9663
-1267.9064,-1229.4221
-1270.551,-1229.0308
-1273.6993,-1233.061
-1276.2198,-1231.5167
-1279.0319,-1232.4788
-1282.3889,-1237.9055
-1285.0817,-1237.7162
-1289.4521,-1250.9154
-1292.7382,-1255.1265
-1295.4747,-1254.9442
-1298.5576,-1257.377
-1301.3026,-1257.1992
-1304.0215,-1256.8223
-1306.4896,-1254.6383
-1309.3187,-1255.0695
-1312.1521,-1255.5034
-1314.6968,-1253.9299
-1317.1185,-1251.5612
-1320.1942,-1253.6024
-1322.731,-1252.0383
-1325.5735,-1252.4811
-1328.1055,-1250.9229
-1330.6649,-1249.5692
-1333.9653,-1252.8218
-1336.7576,-1252.8729
-1339.4521,-1252.3239
-1342.1805,-1251.9777
-1344.9785,-1252.0353
-1347.7793,-1252.0952
-1350.3713,-1250.9523
-1353.2107,-1251.2172
-1355.909,-1250.681
-1358.6075,-1250.1471
-1361.4918,-1250.6191
-1364.7582,-1253.1085
-1367.4282,-1252.378
-1370.5236,-1253.8701
-1373.4722,-1254.5587
-1376.3474,-1254.8456
-1378.2622,-1250.2858
-1381.0122,-1249.9695
-1384.174,-1251.6709
-1386.973,-1251.5608
-1388.8523,-1247.0254
-1392.5358,-1251.1449
-1396.6826,-1257.3363
-1399.7704,-1258.4628
-1403.4043,-1262.0607
-1406.5173,-1263.2037
-1409.3638,-1263.1125
-1411.9347,-1261.7856
-1414.5029,-1260.4629
-1417.4462,-1260.7892
-1421.5466,-1266.0862
-1424.8055,-1267.6727
-1427.8293,-1268.2227
-1430.1614,-1265.8562
-1432.6875,-1264.329
-1434.5049,-1259.9127
-1437.0192,-1258.4008
-1440.1953,-1259.5693
-1444.6318,-1265.7266
-1447.2087,-1264.4158
-1448.7771,-1259.1737
-1451.6611,-1259.1151
-1454.3871,-1258.4392
-1457.2219,-1258.1783
-1459.8949,-1257.3007
-1462.6777,-1256.8379
-1466.131,-1258.8553
-1469.2609,-1259.6387
-1473.4863,-1264.3844
-1478.0421,-1270.2295
-1480.0436,-1266.8254
-1485.9707,-1277.3917
-1489.1224,-1278.0079
-1491.7286,-1276.7007
-1494.148,-1274.7573
-1496.9355,-1274.0977
-1499.8491,-1273.8665
-1502.45,-1272.5726
-1505.303,-1272.1329
-1509.7019,-1276.8215
-1511.7911,-1273.8171
-1518.0847,-1284.587
-1524.3613,-1295.1183
-1526.9391,-1293.58
-1529.0315,-1290.5055
-1532.1567,-1290.7369
-1535.3577,-1291.1914
-1536.5941,-1285.5028
-1539.5088,-1285.0815
-1542.8528,-1285.9741
-1544.9158,-1282.9371
-1548.2667,-1283.8309
-1550.6101,-1281.6746
-1553.6055,-1281.4818
-1556.4572,-1280.8558
-1559.1624,-1279.7971
-1562.0161,-1279.1758
-1565.0964,-1279.2083
-1568.8635,-1281.2039
-1571.7295,-1280.5874
-1573.8292,-1277.7968
-1578.0865,-1281.1068
-1580.415,-1278.9689
-1578.7052,-1265.6426
-1581.5498,-1265.0421
-1584.5518,-1264.8702
-1587.7932,-1265.3408
-1590.409,-1264.1057
-1595.741,-1270.158
-1600.4801,-1274.5402
-1603.5289,-1274.3815
-1607.8258,-1277.4935
-1610.6403,-1276.6847
-1613.4556,-1275.8779
-1616.6954,-1276.1648
-1620.626,-1278.2058
-1626.3124,-1284.6765
-1630.2987,-1286.7579
-1633.3276,-1286.3977
-1642.5868,-1301.5908
-1646.3057,-1302.8342
-1648.647,-1300.6527
-1657.0847,-1313.4404
-1658.8683,-1309.8381
-1666.1261,-1319.5353
-1673.0093,-1328.201
-1675.3816,-1325.9508
-1673.2964,-1313.113
-1676.4354,-1312.774
-1679.3795,-1311.97
-1680.5334,-1306.9849
-1683.77,-1306.8832
-1687.2125,-1307.2474
-1690.6628,-1307.6146
-1693.917,-1307.5195
-1697.2788,-1307.659
-1700.6473,-1307.801
-1703.9182,-1307.7123
-1707.5087,-1308.325
-1711.1086,-1308.9413
-1714.8248,-1309.795
-1718.1238,-1309.7157
-1721.3204,-1309.4039
-1725.4982,-1311.2062
-1728.8184,-1311.1338
-1732.3645,-1311.5343
-1736.0302,-1312.1735
-1739.3707,-1312.1077
-1747.2467,-1321.5616
-1752.0079,-1324.3905
-1754.8232,-1323.1338
-1762.2092,-1331.3231
-1765.5186,-1331.0352
-1769.4303,-1331.9708
-1775.0477,-1336.3508
-1778.1442,-1335.5776
-1785.1852,-1342.7302
-1790.054,-1345.4529
-1793.689,-1345.6819
-1806.8524,-1364.7482
-1807.8177,-1359.5961
-1814.2844,-1365.2587
-1822.6992,-1374.6469
-1826.6014,-1375.1815
-1830.2408,-1375.193
-1834.0243,-1375.4702
-1838.6469,-1377.3345
-1844.5504,-1381.601
-1848.2369,-1381.626
-1852.0725,-1381.9199
-1855.6312,-1381.6827
-1859.339,-1381.7145
-1862.9094,-1381.4814
-1866.7758,-1381.7849
-1870.0669,-1381.0211
-1873.3606,-1380.2594
-1877.2466,-1380.5687
-1882.6288,-1383.5637
-1887.7437,-1386.0382
-1892.5829,-1387.9855
-1902.5306,-1398.9795
-1908.7145,-1403.1985
-1912.4133,-1402.9939
-1916.277,-1403.0693
-1920.1486,-1403.1471
-1926.2838,-1407.1366
-1936.7411,-1418.529
-1941.5195,-1420.0553
-1948.5065,-1425.3281
-1952.1519,-1424.8606
-1955.8021,-1424.3949
-1964.2822,-1432.0555
-1968.4885,-1432.4708
-1971.6543,-1431.1354
-1972.8939,-1426.6028
-1977.2847,-1427.309
-1983.2852,-1430.6459
-1987.534,-1431.0721
-1991.7943,-1431.5015
-1997.6973,-1434.5815
-2001.8077,-1434.7255
-2006.1116,-1435.1671
-2014.6981,-1442.4506
-2018.3013,-1441.7115
-2017.9744,-1434.7319
-2023.2593,-1436.666
-2027.6229,-1437.1217
-2027.4536,-1430.471
-2031.436,-1430.3329
-2035.8077,-1430.7866
-2039.0428,-1429.4718
-2042.6628,-1428.7488
-2052.698,-1437.8186
-2056.7458,-1437.692
-2060.6028,-1437.2676
-2073.6936,-1450.7306
-2076.586,-1448.7854
-2080.6982,-1448.6681
-2080.1143,-1441.5846
-2087.2874,-1446.0042
-2094.9358,-1451.0686
-2099.4944,-1451.568
-2106.178,-1455.1414
-2126.391,-1478.2131
-2129.7544,-1476.8381
-2131.781,-1473.5612
-2153.218,-1498.0042
-2161.9502,-1504.2047
174.11333,-1194.7764
171.0136,-1194.8109
167.91345,-1194.8455
164.58746,-1194.4427
161.3758,-1194.2593
159.28307,-1196.2644
157.51982,-1198.9358
153.63115,-1197.4327
152.74516,-1201.875
152.30138,-1207.2394
148.6167,-1206.1617
143.07104,-1201.323
139.95981,-1201.3615
135.76729,-1199.1979
131.37723,-1196.6058
128.3893,-1196.8665
124.872536,-1196.0342
121.57315,-1195.641
118.48751,-1195.6862
115.50827,-1195.9508
112.42692,-1195.9982
108.93645,-1195.1741
105.453865,-1194.3527
102.385414,-1194.4044
99.01698,-1193.805
95.7555,-1193.425
92.79864,-1193.6985
90.53964,-1195.4962
86.98936,-1194.4669
83.93932,-1194.5272
82.1651,-1197.4211
79.50412,-1198.3579
77.42637,-1200.6117
75.149124,-1202.434
71.997055,-1202.2805
65.508255,-1194.4857
62.47877,-1194.5563
59.170807,-1193.9778
53.55272,-1188.0128
50.91529,-1188.9478
46.4543,-1185.5972
42.290607,-1182.9055
39.21787,-1182.7744
37.66146,-1186.2672
34.852398,-1186.7786
32.92809,-1189.4349
30.997637,-1192.1027
27.653101,-1191.3289
26.151363,-1195.0873
30.406889,-1213.182
23.564894,-1203.7671
18.64047,-1199.0522
14.783928,-1196.9741
12.990671,-1200.1139
11.190562,-1203.2693
8.786528,-1204.9023
6.1243725,-1205.8809
2.9552207,-1205.5433
-0.45975727,-1204.55
-4.1145024,-1202.9049
-6.935371,-1203.4491
-10.979113,-1200.7224
-13.46837,-1202.1403
-16.443699,-1202.2526
-23.847809,-1190.276
-28.030664,-1186.9818
-31.114765,-1186.6758
-36.09232,-1181.0878
-38.47696,-1182.6855
-41.164673,-1183.4431
-45.261803,-1180.2003
-48.45614,-1179.4891
-51.06145,-1180.4583
-54.030365,-1180.3798
-56.996094,-1180.3032
-60.38601,-1178.9713
-63.48347,-1178.4806
-66.15512,-1179.2465
-69.31502,-1178.5502
-72.39951,-1178.0654
-74.79333,-1179.672
-77.12255,-1181.4934
-79.660286,-1182.6904
-81.52314,-1185.9998
-84.54122,-1185.728
-87.08741,-1186.9369
-88.83591,-1190.6965
-92.25347,-1189.1533
-93.553345,-1194.4236
-91.52075,-1210.6173
-97.89589,-1199.4691
-102.805336,-1192.9867
-105.75152,-1192.9388
-108.69495,-1192.8931
-111.50978,-1193.2755
-114.63616,-1192.5944
-117.63291,-1192.3418
-120.74862,-1191.6661
-123.55469,-1192.0557
-126.17906,-1193.0856
-129.22498,-1192.628
-132.44403,-1191.5358
-135.9479,-1189.3895
-138.21861,-1191.6952
-142.4545,-1186.8099
-146.20335,-1183.6401
-148.9808,-1184.0416
-150.64273,-1188.6516
-153.76129,-1187.7937
-156.5442,-1188.2029
-158.78162,-1190.727
-161.83917,-1190.0839
-164.5165,-1190.9233
-167.14221,-1191.9777
-170.24486,-1191.1279
-173.18483,-1190.9161
-176.07011,-1190.9181
-178.39009,-1193.2521
-179.17993,-1202.0188
-183.05103,-1197.9504
-186.3956,-1196.0393
-189.62901,-1194.5616
-193.14496,-1191.8198
-196.97853,-1187.6211
-199.31818,-1189.9553
-202.23024,-1189.766
-206.25093,-1184.5448
-209.00809,-1184.9894
-212.17152,-1183.5568
-215.10298,-1183.171
-218.2066,-1181.9557
-221.25865,-1180.9529
-223.78874,-1182.4447
-226.49358,-1183.1086
-230.0807,-1179.4156
-233.89014,-1174.516
-238.14767,-1167.2224
-241.17438,-1166.0576
-243.95978,-1166.11
-246.31938,-1168.3928
-248.95422,-1169.2615
-251.09862,-1172.7843
-252.91388,-1178.1813
-256.20413,-1175.5696
-255.94704,-1192.6987
-257.92108,-1197.637
-261.06375,-1196.0062
-260.93643,-1213.2786
-265.4733,-1203.617
-267.85876,-1206.4886
-269.1705,-1215.9064
-271.51242,-1219.2777
-276.5052,-1206.2982
-278.94928,-1208.9741
-281.40225,-1211.6635
-285.36673,-1204.6255
-288.14908,-1205.1482
-291.18927,-1203.9554
-295.16238,-1196.3794
-298.14062,-1195.4215
-299.59415,-1205.1158
-301.9526,-1208.6683
-304.38315,-1211.8088
-305.59973,-1223.9761
-307.85837,-1228.7562
-312.71878,-1213.8907
-317.05054,-1202.5757
-319.66388,-1204.4098
-322.5507,-1204.1053
-325.56546,-1202.7343
-328.36774,-1203.0773
-330.7923,-1206.6407
-333.75122,-1205.7013
-336.58344,-1205.839
-338.9142,-1210.5057
-341.568,-1212.3826
-343.7888,-1218.4156
-346.71518,-1217.9088
-349.74908,-1216.3132
-352.8176,-1214.2896
-355.41095,-1217.0636
-358.28445,-1217.0062
-361.15683,-1216.9517
-363.92957,-1217.9927
-366.3389,-1223.2141
-369.22247,-1223.1669
-371.43903,-1231.1088
-375.5737,-1215.8485
-380.65842,-1187.6909
-383.7764,-1183.5079
-386.99475,-1177.7147
-389.57736,-1180.3582
-392.64462,-1176.2329
-395.37363,-1176.8256
-398.1047,-1177.4211
-400.6824,-1180.4845
-403.44815,-1180.6766
-406.21423,-1180.8715
-408.79477,-1184.3734
-411.69177,-1182.2998
-414.21475,-1187.2694
-416.94388,-1188.5177
-419.73718,-1188.5188
-422.42682,-1190.82
-425.14395,-1192.712
-427.83493,-1195.455
-430.52127,-1198.6362
-433.3963,-1196.9575
-436.04214,-1201.8525
-438.7893,-1204.2185
-441.52155,-1207.4546
-444.6072,-1198.097
-447.4034,-1198.7594
-450.16437,-1201.1243
-453.08096,-1196.2845
-455.89603,-1195.898
-458.7257,-1194.4614
-461.53195,-1194.2916
-464.34674,-1193.284
-467.14767,-1193.3301
-469.946,-1193.7988
-472.74838,-1193.8503
-475.55106,-1193.9045
-478.35406,-1194.1716
-481.15744,-1194.0211
-483.96317,-1194.5043
-486.7684,-1194.5696
-489.56845,-1194.0068
-492.37564,-1194.288
-495.17862,-1194.1514
-497.97467,-1193.5973
-500.78732,-1194.0967
-503.60248,-1194.5991
-506.4249,-1195.3154
-509.23007,-1195.1924
-511.96155,-1192.3412
-514.78455,-1193.0631
-517.61774,-1193.9987
-520.3567,-1191.9984
-523.17725,-1192.5183
-525.9606,-1191.993
-528.77576,-1192.3086
-531.6017,-1192.8369
-534.37384,-1192.1097
-537.1826,-1192.2239
-539.9924,-1192.3407
-542.7705,-1191.8313
-545.59204,-1192.163
-548.34467,-1191.2402
-551.14264,-1191.158
-553.979,-1191.7067
-556.7654,-1191.42
-559.5511,-1191.1364
-562.3644,-1191.2739
-565.13495,-1190.7864
-567.9494,-1190.9291
-570.7496,-1190.8654
-573.5663,-1191.0133
-576.40106,-1191.3737
-579.1529,-1190.6895
-582.0078,-1191.2644
-584.79407,-1191.0043
-587.469,-1189.4918
-590.3468,-1190.2827
-593.1514,-1190.2401
-595.93695,-1189.9907
-598.78375,-1190.3718
-601.8852,-1193.2747
-604.8299,-1194.5061
-607.9143,-1197.0114
-610.9671,-1199.1051
-613.8458,-1199.5063
-616.6567,-1199.2728
-619.49194,-1199.2546
-622.32837,-1199.2389
-625.1661,-1199.2261
-627.9283,-1198.5787
-630.79315,-1198.7834
-633.47473,-1197.5054
-636.50275,-1198.9886
-639.15424,-1197.5033
-642.0519,-1197.9303
-644.9529,-1198.3604
-647.62604,-1197.0957
-650.5886,-1197.9547
-653.467,-1198.1803
-656.196,-1197.3473
-659.1385,-1198.0022
-661.8036,-1196.7504
-664.6869,-1196.9857
-667.63727,-1197.6481
-670.26465,-1196.1919
-673.1193,-1196.2225
-675.97565,-1196.2556
-678.76514,-1195.8674
-681.72766,-1196.5411
-684.3084,-1194.8871
-687.3815,-1196.2003
-690.0291,-1194.9745
-691.69257,-1188.076
-694.6512,-1188.7524
-697.3918,-1188.1746
-700.0564,-1187.181
-702.4529,-1184.7313
-704.00415,-1177.7444
-706.68445,-1176.9781
-709.86847,-1178.8928
-712.0797,-1175.6602
-714.95435,-1175.9296
-717.7921,-1175.996
-720.4695,-1175.2428
-723.26886,-1175.1084
-725.7791,-1173.5409
-728.62006,-1173.6161
-731.5484,-1174.1036
-733.71027,-1170.9104
-736.85474,-1172.4224
-739.7025,-1172.5067
-741.84674,-1169.3271
-744.5585,-1168.8044
-747.27,-1168.2845
-749.8908,-1167.3607
-752.4183,-1166.0348
-729.9497,-1055.0978
-732.4547,-1054.8257
-733.91394,-1050.0602
-735.0147,-1043.8579
-737.9267,-1045.3999
-739.35474,-1040.7157
-741.59674,-1039.4781
-744.5917,-1041.3387
-746.7522,-1039.7766
-749.3541,-1040.0096
-751.9181,-1040.0812
-754.2776,-1039.3396
-756.84406,-1039.4138
-759.28656,-1039.001
-761.9414,-1039.404
-764.6002,-1039.8088
-766.7007,-1038.0969
-769.6238,-1039.4813
-772.2917,-1039.8905
-774.386,-1038.1814
-777.05646,-1038.5924
-779.5956,-1038.5161
-782.2731,-1038.9303
-784.9548,-1039.3463
-787.3622,-1038.7843
-790.0029,-1039.0398
-792.55273,-1038.9701
-795.0093,-1038.5751
-797.75385,-1039.1611
-801.0373,-1041.5525
-844.68207,-1179.2567
-847.8901,-1180.2533
-852.0589,-1184.3993
-855.54944,-1186.2528
-858.7932,-1187.2687
-861.39,-1186.1753
-864.31415,-1186.1393
-867.37384,-1186.5276
-870.43835,-1186.9182
-873.5076,-1187.311
-877.0591,-1189.1902
-880.27954,-1190.0138
-882.952,-1189.1401
-885.6235,-1188.2692
-888.78534,-1188.8851
-891.17505,-1187.1703
-894.34235,-1187.7887
-897.6592,-1188.8344
-899.8282,-1186.4885
-903.1515,-1187.5356
-906.33655,-1188.1616
-908.64264,-1186.245
-912.05493,-1187.509
-914.7288,-1186.6549
-917.55164,-1186.2266
-920.6018,-1186.4353
-923.4269,-1186.0096
-926.4823,-1186.221
-929.3093,-1185.7977
-931.36084,-1183.2611
-934.4173,-1183.4745
-936.53613,-1181.1578
-939.6715,-1181.5828
-942.81165,-1182.0095
-943.88434,-1176.9718
-946.779,-1176.7678
-949.595,-1176.3558
-952.00793,-1174.8997
-955.39215,-1175.9529
-957.72125,-1174.2902
-960.786,-1174.509
-964.2698,-1175.7754
-966.51245,-1173.9061
-969.756,-1174.5465
-973.0068,-1175.1895
-975.33044,-1173.5327
-978.50397,-1173.9681
-981.5121,-1173.9872
-984.3518,-1173.5892
-987.4548,-1173.8202
-990.03906,-1172.7981
-993.41425,-1173.6594
-996.4448,-1173.686
-998.9467,-1172.4595
-1002.2518,-1173.1163
-1004.9347,-1172.3108
-1008.1598,-1172.7612
-1011.2995,-1173.0043
-1013.8949,-1171.993
-1017.1312,-1172.4468
-1020.3722,-1172.902
-1022.59534,-1171.0574
-1025.9314,-1171.722
-1028.8027,-1171.3424
-1031.956,-1171.5902
-1035.301,-1172.2573
-1037.7902,-1171.0415
-1041.1367,-1171.7085
-1044.2931,-1171.9574
-1047.3527,-1171.9968
-1050.7041,-1172.665
