180.12671,-1206.267
176.7657,-1205.8538
173.5222,-1205.6637
170.16467,-1205.2515
166.92363,-1205.0626
163.6838,-1204.874
160.67162,-1205.1305
157.54602,-1205.1652
154.08498,-1204.5338
150.85089,-1204.3475
147.61884,-1204.1621
144.38898,-1203.9775
141.16145,-1203.7938
138.15424,-1204.0542
134.93068,-1203.8723
131.70993,-1203.6915
128.70651,-1203.9543
125.490715,-1203.7758
122.27829,-1203.5981
118.96405,-1203.2009
115.96895,-1203.4681
112.66271,-1203.0737
109.56892,-1203.1227
106.37508,-1202.9523
103.28783,-1203.0039
99.99999,-1202.6161
96.717545,-1202.23
93.64155,-1202.2863
90.46844,-1202.1237
87.299484,-1201.9629
84.23333,-1202.0234
81.26833,-1202.3054
78.1096,-1202.149
74.954765,-1201.9943
71.90048,-1202.0607
68.84889,-1202.1287
65.80006,-1202.1981
62.753975,-1202.2692
59.71052,-1202.3416
56.575947,-1202.1958
53.44516,-1202.0519
50.22551,-1201.6903
47.19472,-1201.7688
43.983635,-1201.4109
40.959026,-1201.4926
37.936893,-1201.5757
34.82752,-1201.4415
31.721722,-1201.3091
28.619503,-1201.1782
25.608877,-1201.2677
22.4258,-1200.9216
19.508087,-1201.2327
16.419024,-1201.1085
13.762716,-1202.0781
10.336775,-1201.0835
7.6814876,-1202.0558
5.0248084,-1203.0308
1.9472548,-1202.9142
-1.0434655,-1203.018
-3.9490001,-1203.342
-7.0176187,-1203.2306
-10.00102,-1203.3395
-12.819645,-1203.8871
-15.960538,-1203.5621
-18.85654,-1203.8947
-21.751163,-1204.2289
-24.802551,-1204.1277
-28.007313,-1203.5919
-31.050564,-1203.4948
-34.012966,-1203.6176
-37.126602,-1203.306
-40.15948,-1203.2146
-43.037567,-1203.5609
-46.139915,-1203.2551
-49.237827,-1202.9517
-52.03508,-1203.5209
-55.0529,-1203.4387
-58.067474,-1203.3585
-61.00633,-1203.4978
-64.01499,-1203.4215
-66.87766,-1203.782
-69.59725,-1204.58
-72.88146,-1203.6387
-75.38928,-1205.0931
-78.45674,-1204.8081
-81.451164,-1204.7429
-84.30581,-1205.1149
-87.363205,-1204.8359
-89.87747,-1206.3008
-93.13196,-1205.3718
-95.84836,-1206.1873
-98.82951,-1206.1334
-101.4154,-1207.3895
-104.32918,-1207.5576
-107.24124,-1207.7275
-110.27946,-1207.4633
-113.18714,-1207.6375
-116.09317,-1207.8135
-119.059975,-1207.7734
-122.02415,-1207.7356
-124.92443,-1207.9178
-128.3089,-1206.3602
-131.86227,-1204.159
-134.7485,-1204.347
-137.45654,-1205.1875
-140.69182,-1204.0797
-143.63019,-1204.0574
-146.39426,-1204.6866
-149.2158,-1205.1017
-152.14978,-1205.0856
-155.02568,-1205.2883
-157.90034,-1205.4932
-160.82867,-1205.4835
-163.75484,-1205.476
-166.67885,-1205.4707
-169.81381,-1204.602
-172.52051,-1205.4666
-175.49046,-1205.2515
-178.3538,-1205.4713
-181.31862,-1205.2606
-184.22964,-1205.2686
-187.13866,-1205.2788
-190.04568,-1205.2911
-192.99992,-1205.0896
-195.85382,-1205.3225
-198.75497,-1205.3416
-201.65424,-1205.3629
-204.59879,-1205.1705
-207.4471,-1205.4124
-210.3407,-1205.4403
-213.18681,-1205.6866
-216.03209,-1205.9352
-219.01068,-1205.5383
-221.85289,-1205.7913
-224.69432,-1206.0465
-227.62146,-1205.8724
-230.46045,-1206.1323
-233.34097,-1206.1786
-236.21983,-1206.2273
-239.05583,-1206.4941
-241.93198,-1206.5475
-244.7663,-1206.8191
-247.63982,-1206.8772
-250.47256,-1207.1536
-253.3436,-1207.2164
-256.21317,-1207.2817
-259.04355,-1207.5657
-261.9108,-1207.6357
-264.77667,-1207.7084
-267.64124,-1207.7836
-270.50446,-1207.8613
-273.36642,-1207.9415
-276.19232,-1208.2401
-279.08664,-1208.1094
-282.01254,-1207.7653
-284.8687,-1207.8556
-287.65808,-1208.3805
-290.513,-1208.4761
-293.39868,-1208.3582
-296.21964,-1208.6749
-299.07144,-1208.7784
-301.92227,-1208.8844
-304.80203,-1208.777
-307.65057,-1208.8884
-310.46942,-1209.2184
-313.31686,-1209.335
-316.19138,-1209.2382
-319.0368,-1209.3602
-321.90845,-1209.2688
-324.75208,-1209.3961
-327.5951,-1209.5261
-330.4376,-1209.6588
-333.25464,-1210.0105
-336.09662,-1210.1486
-338.9621,-1210.0732
-341.82617,-1210.0006
-344.6201,-1210.5795
-347.483,-1210.5123
-350.36664,-1210.2317
-353.2051,-1210.3861
-356.02243,-1210.7596
-358.86105,-1210.9198
-361.71954,-1210.8662
-364.5965,-1210.5994
-367.45236,-1210.5514
-370.27017,-1210.9386
-373.08896,-1211.3287
-376.01407,-1210.4241
-378.84906,-1210.6031
-381.6841,-1210.785
-384.5193,-1210.9695
-387.3702,-1210.9407
-390.12955,-1212.2126
-392.9525,-1212.6223
-395.7909,-1212.8181
-398.6021,-1213.4506
-401.45523,-1213.4349
-404.29495,-1213.639
-407.14728,-1213.6288
-409.99902,-1213.6212
-412.85022,-1213.6163
-415.69012,-1213.8313
-418.5305,-1214.0488
-421.4203,-1213.1841
-424.2593,-1213.4069
-427.09888,-1213.6323
-429.9723,-1212.993
-432.8034,-1213.4406
-435.7312,-1211.076
-438.57297,-1211.0953
-441.37033,-1212.6317
-444.256,-1211.1421
-447.09198,-1211.3856
-449.92886,-1211.6321
-452.7754,-1211.449
-455.60934,-1211.9172
-458.4588,-1211.5233
-461.3006,-1211.5647
-464.14252,-1211.6089
-466.99036,-1211.0074
-469.83118,-1211.0571
-472.67224,-1211.1099
-475.51498,-1210.5175
-478.35522,-1210.7915
-481.19427,-1209.9894
-484.03284,-1209.8376
-486.8665,-1209.0426
-489.70453,-1209.1122
-492.54312,-1209.1846
-495.38513,-1209.4753
-498.2287,-1209.769
-501.07385,-1210.0659
-503.90753,-1209.7186
-506.7496,-1209.8055
-509.60306,-1210.3267
-512.436,-1209.9878
-515.2928,-1210.5148
-518.1456,-1210.829
-520.993,-1210.9304
-523.849,-1211.2506
-526.69855,-1211.3577
-529.5491,-1211.4677
-532.41895,-1212.0131
-535.2432,-1211.4799
-538.1063,-1211.8147
-540.96075,-1211.9362
-543.7827,-1211.4114
-546.66113,-1211.971
-549.5548,-1212.7506
-552.4146,-1212.8837
-555.30194,-1213.4531
-558.2886,-1215.5482
-561.2146,-1216.5621
-564.11646,-1217.1438
-567.0065,-1217.5105
-569.9147,-1218.099
-572.24225,-1210.86
-574.5597,-1203.9194
-577.47577,-1204.9305
-579.9619,-1200.6061
-582.8584,-1201.4042
-585.70435,-1201.5667
-588.51434,-1201.3057
-591.3821,-1201.6865
-594.19305,-1201.4309
-596.9836,-1200.9651
-599.85626,-1201.354
-602.64667,-1200.8936
-605.545,-1201.5009
-608.4028,-1201.6852
-611.2171,-1201.4457
-614.0083,-1200.9958
-616.8462,-1200.975
-619.70953,-1201.1699
-622.575,-1201.3677
-625.39233,-1201.1416
-628.26135,-1201.3447
-631.13257,-1201.5508
-633.97943,-1201.546
-636.8277,-1201.544
-639.67725,-1201.5446
-642.52826,-1201.5479
-645.40924,-1201.7672
-648.1182,-1200.709
-651.0306,-1201.1466
-653.7363,-1200.0942
-656.5303,-1199.6846
-659.4784,-1200.3423
-660.43805,-1187.4951
-661.68677,-1176.9581
-664.7755,-1178.8312
-666.89197,-1174.3419
-669.8564,-1175.3918
-672.66437,-1175.4209
-675.3749,-1174.8379
-678.3185,-1175.691
-680.96185,-1174.7026
-683.84314,-1175.1504
-686.76306,-1175.806
-690.6138,-1181.8285
-694.2486,-1186.4515
-696.7625,-1184.6249
-700.1691,-1187.8087
-702.9465,-1187.4452
-705.72394,-1187.0842
-708.57965,-1187.144
-711.35846,-1186.7878
-714.0577,-1186.0162
-716.6748,-1184.8306
-719.3296,-1183.8573
-722.10565,-1183.5118
-725.0488,-1184.0015
-727.3648,-1181.3741
-730.0543,-1180.622
-733.47345,-1183.4026
-735.47327,-1179.3337
-738.2474,-1179.0042
-740.9338,-1178.2637
-743.52997,-1177.1135
-746.3485,-1176.9978
-722.73444,-1057.2653
-725.0161,-1055.9818
-728.0512,-1058.0553
-728.9236,-1050.6
-731.34204,-1049.9977
-733.6055,-1048.7354
-736.0208,-1048.1377
-738.553,-1048.0375
-740.53296,-1045.6302
-743.22186,-1046.1918
-745.8752,-1046.5906
-748.3695,-1046.3315
-751.07,-1046.8988
-753.6091,-1046.8076
-756.02405,-1046.2229
-758.7341,-1046.7948
-761.32074,-1046.8732
-763.9529,-1047.1183
-766.5446,-1047.1997
-768.91943,-1046.4562
-771.69104,-1047.2017
-774.24493,-1047.122
-776.9809,-1047.7059
-779.58527,-1047.7947
-781.9167,-1046.8912
-784.56995,-1047.1482
-787.27325,-1047.5725
-790.264,-1048.995
-793.40814,-1050.9236
-796.22754,-1051.6902
-836.3769,-1180.6582
-839.2062,-1180.3977
-838.91547,-1169.5901
-841.72314,-1169.3354
-844.5938,-1169.2878
-847.3427,-1168.832
-850.3425,-1169.1982
-853.28375,-1169.3613
-855.7202,-1167.8866
-858.92065,-1168.8729
-863.427,-1173.9865
-865.1504,-1170.24
-868.4393,-1171.443
-877.6061,-1190.8903
-880.9005,-1191.9297
-883.6462,-1191.2667
-886.812,-1191.8843
-889.84247,-1192.0776
-895.0955,-1198.9271
-899.095,-1201.9414
-901.72064,-1200.8447
-904.8604,-1201.2668
-908.3029,-1202.5594
-911.45483,-1202.9868
-914.00726,-1201.6776
-917.3925,-1202.7598
-920.2497,-1202.3226
-923.2616,-1202.3219
-926.5093,-1202.9755
-928.9807,-1201.4557
-932.1556,-1201.894
-935.17676,-1201.8994
-938.12067,-1201.6886
-941.14636,-1201.6967
-942.24115,-1196.5046
-945.01636,-1195.8663
-948.4413,-1196.956
-949.83154,-1192.6586
-952.9289,-1192.8846
-956.19543,-1193.5422
-958.4712,-1191.6218
-961.6596,-1192.0656
-962.84155,-1187.3713
-965.2705,-1185.8948
-968.62427,-1186.7623
-964.11053,-1167.8804
-966.83844,-1167.2716
-969.5673,-1166.6647
-972.04626,-1165.4404
-975.0285,-1165.4553
-979.37366,-1168.7804
-983.74786,-1172.1273
-987.36786,-1173.6111
-999.2008,-1194.7072
-1005.76556,-1203.0247
-1007.38715,-1199.5559
-1012.1648,-1203.5347
-1015.56067,-1204.2319
-1018.585,-1204.0503
-1021.80225,-1204.3099
-1025.2155,-1205.0114
-1027.5757,-1203.2914
-1031.0912,-1204.2137
-1034.3215,-1204.4769
-1037.2612,-1204.08
-1040.6925,-1204.7853
-1043.3372,-1203.7283
-1046.6731,-1204.2139
-1050.1119,-1204.9207
-1052.7509,-1203.8644
-1056.2927,-1204.7919
-1059.5343,-1205.0586
-1061.9608,-1203.5615
-1065.3008,-1204.0479
180.12671,-1206.267
176.7657,-1205.8538
173.5222,-1205.6637
170.16467,-1205.2515
166.92363,-1205.0626
163.6838,-1204.874
160.67162,-1205.1305
157.54602,-1205.1652
154.08498,-1204.5338
150.85089,-1204.3475
147.61884,-1204.1621
144.38898,-1203.9775
141.16145,-1203.7938
138.15424,-1204.0542
134.93068,-1203.8723
131.70993,-1203.6915
128.70651,-1203.9543
125.490715,-1203.7758
122.27829,-1203.5981
118.96405,-1203.2009
115.96895,-1203.4681
112.66271,-1203.0737
109.56892,-1203.1227
106.37508,-1202.9523
103.28783,-1203.0039
99.99999,-1202.6161
96.717545,-1202.23
93.64155,-1202.2863
90.46844,-1202.1237
87.299484,-1201.9629
84.23333,-1202.0234
81.26833,-1202.3054
78.1096,-1202.149
74.954765,-1201.9943
71.90048,-1202.0607
68.84889,-1202.1287
65.80006,-1202.1981
62.753975,-1202.2692
59.71052,-1202.3416
56.575947,-1202.1958
53.44516,-1202.0519
50.22551,-1201.6903
47.19472,-1201.7688
43.983635,-1201.4109
40.959026,-1201.4926
37.936893,-1201.5757
34.82752,-1201.4415
31.721722,-1201.3091
28.619503,-1201.1782
25.608877,-1201.2677
22.4258,-1200.9216
19.508087,-1201.2327
16.419024,-1201.1085
13.762716,-1202.0781
10.336775,-1201.0835
7.6814876,-1202.0558
5.0248084,-1203.0308
1.9472548,-1202.9142
-1.0434655,-1203.018
-3.9490001,-1203.342
-7.0176187,-1203.2306
-10.00102,-1203.3395
-12.819645,-1203.8871
-15.960538,-1203.5621
-18.85654,-1203.8947
-21.751163,-1204.2289
-24.802551,-1204.1277
-28.007313,-1203.5919
-31.050564,-1203.4948
-34.012966,-1203.6176
-37.126602,-1203.306
-40.15948,-1203.2146
-43.037567,-1203.5609
-46.139915,-1203.2551
-49.237827,-1202.9517
-52.03508,-1203.5209
-55.0529,-1203.4387
-58.067474,-1203.3585
-61.00633,-1203.4978
-64.01499,-1203.4215
-66.87766,-1203.782
-69.59725,-1204.58
-72.88146,-1203.6387
-75.38928,-1205.0931
-78.45674,-1204.8081
-81.451164,-1204.7429
-84.30581,-1205.1149
-87.363205,-1204.8359
-89.87747,-1206.3008
-93.13196,-1205.3718
-95.84836,-1206.1873
-98.82951,-1206.1334
-101.4154,-1207.3895
-104.32918,-1207.5576
-107.24124,-1207.7275
-110.27946,-1207.4633
-113.18714,-1207.6375
-116.09317,-1207.8135
-119.059975,-1207.7734
-122.02415,-1207.7356
-124.92443,-1207.9178
-128.3089,-1206.3602
-131.86227,-1204.159
-134.7485,-1204.347
-137.45654,-1205.1875
-140.69182,-1204.0797
-143.63019,-1204.0574
-146.39426,-1204.6866
-149.2158,-1205.1017
-152.14978,-1205.0856
-155.02568,-1205.2883
-157.90034,-1205.4932
-160.82867,-1205.4835
-163.75484,-1205.476
-166.67885,-1205.4707
-169.81381,-1204.602
-172.52051,-1205.4666
-175.49046,-1205.2515
-178.3538,-1205.4713
-181.31862,-1205.2606
-184.22964,-1205.2686
-187.13866,-1205.2788
-190.04568,-1205.2911
-192.99992,-1205.0896
-195.85382,-1205.3225
-198.75497,-1205.3416
-201.65424,-1205.3629
-204.59879,-1205.1705
-207.4471,-1205.4124
-210.3407,-1205.4403
-213.18681,-1205.6866
-216.03209,-1205.9352
-219.01068,-1205.5383
-221.85289,-1205.7913
-224.69432,-1206.0465
-227.62146,-1205.8724
-230.46045,-1206.1323
-233.34097,-1206.1786
-236.21983,-1206.2273
-239.05583,-1206.4941
-241.93198,-1206.5475
-244.7663,-1206.8191
-247.63982,-1206.8772
-250.47256,-1207.1536
-253.3436,-1207.2164
-256.21317,-1207.2817
-259.04355,-1207.5657
-261.9108,-1207.6357
-264.77667,-1207.7084
-267.64124,-1207.7836
-270.50446,-1207.8613
-273.36642,-1207.9415
-276.19232,-1208.2401
-279.08664,-1208.1094
-282.01254,-1207.7653
-284.8687,-1207.8556
-287.65808,-1208.3805
-290.513,-1208.4761
-293.39868,-1208.3582
-296.21964,-1208.6749
-299.07144,-1208.7784
-301.92227,-1208.8844
-304.80203,-1208.777
-307.65057,-1208.8884
-310.46942,-1209.2184
-313.31686,-1209.335
-316.19138,-1209.2382
-319.0368,-1209.3602
-321.90845,-1209.2688
-324.75208,-1209.3961
-327.5951,-1209.5261
-330.4376,-1209.6588
-333.25464,-1210.0105
-336.09662,-1210.1486
-338.9621,-1210.0732
-341.82617,-1210.0006
-344.6201,-1210.5795
-347.483,-1210.5123
-350.36664,-1210.2317
-353.2051,-1210.3861
-356.02243,-1210.7596
-358.86105,-1210.9198
-361.71954,-1210.8662
-364.5965,-1210.5994
-367.45236,-1210.5514
-370.27017,-1210.9386
-373.08896,-1211.3287
-376.01407,-1210.4241
-378.84906,-1210.6031
-381.6841,-1210.785
-384.5193,-1210.9695
-387.3702,-1210.9407
-390.12955,-1212.2126
-392.9525,-1212.6223
-395.7909,-1212.8181
-398.6021,-1213.4506
-401.45523,-1213.4349
-404.29495,-1213.639
-407.14728,-1213.6288
-409.99902,-1213.6212
-412.85022,-1213.6163
-415.69012,-1213.8313
-418.5305,-1214.0488
-421.4203,-1213.1841
-424.2593,-1213.4069
-427.09888,-1213.6323
-429.9723,-1212.993
-432.8034,-1213.4406
-435.7312,-1211.076
-438.57297,-1211.0953
-441.37033,-1212.6317
-444.256,-1211.1421
-447.09198,-1211.3856
-449.92886,-1211.6321
-452.7754,-1211.449
-455.60934,-1211.9172
-458.4588,-1211.5233
-461.3006,-1211.5647
-464.14252,-1211.6089
-466.99036,-1211.0074
-469.83118,-1211.0571
-472.67224,-1211.1099
-475.51498,-1210.5175
-478.35522,-1210.7915
-481.19427,-1209.9894
-484.03284,-1209.8376
-486.8665,-1209.0426
-489.70453,-1209.1122
-492.54312,-1209.1846
-495.38513,-1209.4753
-498.2287,-1209.769
-501.07385,-1210.0659
-503.90753,-1209.7186
-506.7496,-1209.8055
-509.60306,-1210.3267
-512.436,-1209.9878
-515.2928,-1210.5148
-518.1456,-1210.829
-520.993,-1210.9304
-523.849,-1211.2506
-526.69855,-1211.3577
-529.5491,-1211.4677
-532.41895,-1212.0131
-535.2432,-1211.4799
-538.1063,-1211.8147
-540.96075,-1211.9362
-543.7827,-1211.4114
-546.66113,-1211.971
-549.5548,-1212.7506
-552.4146,-1212.8837
-555.30194,-1213.4531
-558.2886,-1215.5482
-561.2146,-1216.5621
-564.11646,-1217.1438
-567.0065,-1217.5105
-569.9147,-1218.099
-572.24225,-1210.86
-574.5597,-1203.9194
-577.47577,-1204.9305
-579.9619,-1200.6061
-582.8584,-1201.4042
-585.70435,-1201.5667
-588.51434,-1201.3057
-591.3821,-1201.6865
-594.19305,-1201.4309
-596.9836,-1200.9651
-599.85626,-1201.354
-602.64667,-1200.8936
-605.545,-1201.5009
-608.4028,-1201.6852
-611.2171,-1201.4457
-614.0083,-1200.9958
-616.8462,-1200.975
-619.70953,-1201.1699
-622.575,-1201.3677
-625.39233,-1201.1416
-628.26135,-1201.3447
-631.13257,-1201.5508
-633.97943,-1201.546
-636.8277,-1201.544
-639.67725,-1201.5446
-642.52826,-1201.5479
-645.40924,-1201.7672
-648.1182,-1200.709
-651.0306,-1201.1466
-653.7363,-1200.0942
-656.5303,-1199.6846
-659.4784,-1200.3423
-660.43805,-1187.4951
-661.68677,-1176.9581
-664.7755,-1178.8312
-666.89197,-1174.3419
-669.8564,-1175.3918
-672.66437,-1175.4209
-675.3749,-1174.8379
-678.3185,-1175.691
-680.96185,-1174.7026
-683.84314,-1175.1504
-686.76306,-1175.806
-690.6138,-1181.8285
-694.2486,-1186.4515
-696.7625,-1184.6249
-700.1691,-1187.8087
-702.9465,-1187.4452
-705.72394,-1187.0842
-708.57965,-1187.144
-711.35846,-1186.7878
-714.0577,-1186.0162
-716.6748,-1184.8306
-719.3296,-1183.8573
-722.10565,-1183.5118
-725.0488,-1184.0015
-727.3648,-1181.3741
-730.0543,-1180.622
-733.47345,-1183.4026
-735.47327,-1179.3337
-738.2474,-1179.0042
-740.9338,-1178.2637
-743.52997,-1177.1135
-746.3485,-1176.9978
-722.73444,-1057.2653
-725.0161,-1055.9818
-728.0512,-1058.0553
-728.9236,-1050.6
-731.34204,-1049.9977
-733.6055,-1048.7354
-736.0208,-1048.1377
-738.553,-1048.0375
-740.53296,-1045.6302
-743.22186,-1046.1918
-745.8752,-1046.5906
-748.3695,-1046.3315
-751.07,-1046.8988
-753.6091,-1046.8076
-756.02405,-1046.2229
-758.7341,-1046.7948
-761.32074,-1046.8732
-763.9529,-1047.1183
-766.5446,-1047.1997
-768.91943,-1046.4562
-771.69104,-1047.2017
-774.24493,-1047.122
-776.9809,-1047.7059
-779.58527,-1047.7947
-781.9167,-1046.8912
-784.56995,-1047.1482
-787.27325,-1047.5725
-790.264,-1048.995
-793.40814,-1050.9236
-796.22754,-1051.6902
-836.3769,-1180.6582
-839.2062,-1180.3977
-838.91547,-1169.5901
-841.72314,-1169.3354
-844.5938,-1169.2878
-847.3427,-1168.832
-850.3425,-1169.1982
-853.28375,-1169.3613
-855.7202,-1167.8866
-858.92065,-1168.8729
-863.427,-1173.9865
-865.1504,-1170.24
-868.4393,-1171.443
-877.6061,-1190.8903
-880.9005,-1191.9297
-883.6462,-1191.2667
-886.812,-1191.8843
-889.84247,-1192.0776
-895.0955,-1198.9271
-899.095,-1201.9414
-901.72064,-1200.8447
-904.8604,-1201.2668
-908.3029,-1202.5594
-911.45483,-1202.9868
-914.00726,-1201.6776
-917.3925,-1202.7598
-920.2497,-1202.3226
-923.2616,-1202.3219
-926.5093,-1202.9755
-928.9807,-1201.4557
-932.1556,-1201.894
-935.17676,-1201.8994
-938.12067,-1201.6886
-941.14636,-1201.6967
-942.24115,-1196.5046
-945.01636,-1195.8663
-948.4413,-1196.956
-949.83154,-1192.6586
-952.9289,-1192.8846
-956.19543,-1193.5422
-958.4712,-1191.6218
-961.6596,-1192.0656
-962.84155,-1187.3713
-965.2705,-1185.8948
-968.62427,-1186.7623
-964.11053,-1167.8804
-966.83844,-1167.2716
-969.5673,-1166.6647
-972.04626,-1165.4404
-975.0285,-1165.4553
-979.37366,-1168.7804
-983.74786,-1172.1273
-987.36786,-1173.6111
-999.2008,-1194.7072
-1005.76556,-1203.0247
-1007.38715,-1199.5559
-1012.1648,-1203.5347
-1015.56067,-1204.2319
-1018.585,-1204.0503
-1021.80225,-1204.3099
-1025.2155,-1205.0114
-1027.5757,-1203.2914
-1031.0912,-1204.2137
-1034.3215,-1204.4769
-1037.2612,-1204.08
-1040.6925,-1204.7853
-1043.3372,-1203.7283
-1046.6731,-1204.2139
-1050.1119,-1204.9207
-1052.7509,-1203.8644
-1056.2927,-1204.7919
-1059.5343,-1205.0586
-1061.9608,-1203.5615
-1065.3008,-1204.0479
-780.9347,-1172.7758
-783.36163,-1172.8569
-785.8429,-1172.7703
-787.242,-1176.2118
-790.09375,-1174.9462
-792.63574,-1174.691
-794.62146,-1176.2877
-797.068,-1176.3693
-799.06555,-1177.9717
-801.469,-1178.2233
-803.87463,-1178.4751
-805.83954,-1180.2549
-808.54565,-1179.4891
-811.1523,-1179.0637
-813.0835,-1181.0173
-815.88434,-1179.9116
-818.1112,-1180.8475
-820.6721,-1180.5931
-823.1385,-1180.6798
-825.41956,-1181.4487
-827.9801,-1181.1962
-830.53925,-1180.9446
-832.9155,-1181.3755
-835.47296,-1181.1254
-839.2275,-1176.2944
-842.86304,-1171.8395
-845.3525,-1171.763
-848.2683,-1170.0127
-850.83704,-1169.6038
-853.3197,-1169.5299
-855.5522,-1170.4604
-858.20056,-1169.7191
-860.19086,-1171.6578
-863.2436,-1169.2432
-865.48224,-1170.177
-867.04456,-1173.9714
-869.17554,-1175.4224
-870.59766,-1179.9365
-870.5525,-1190.8789
-873.5143,-1188.9059
-875.2464,-1192.3135
-877.3426,-1194.1681
-879.91296,-1193.9302
-882.4439,-1193.8676
-885.0129,-1193.6311
-887.50555,-1193.7446
-889.81177,-1194.7333
-892.567,-1193.6245
-894.1047,-1198.3019
-895.6913,-1202.8418
-898.2784,-1202.6073
-900.43097,-1204.507
-903.1999,-1203.384
-905.8223,-1202.9741
-908.02295,-1204.7006
-910.75073,-1203.7574
-913.2345,-1204.0621
-915.85504,-1203.6555
-918.47375,-1203.2501
-920.859,-1204.0919
-923.4114,-1204.0447
-925.931,-1204.1768
-928.4831,-1204.1316
-930.87665,-1204.9799
-933.3986,-1205.1158
-936.0137,-1204.717
-938.6267,-1204.3197
-941.0571,-1204.9949
-943.6686,-1204.5997
-946.6292,-1202.0682
-950.0634,-1196.5457
-952.70874,-1195.8066
-955.8479,-1191.9147
-958.45154,-1191.3578
-961.42615,-1188.3647
-965.1131,-1180.5674
-967.61,-1180.5375
-970.1318,-1180.3372
-972.875,-1178.598
-975.4157,-1178.2297
-977.9547,-1177.8627
-980.492,-1177.497
-983.0971,-1176.6212
-984.6915,-1183.2852
-986.98914,-1184.8195
-989.40485,-1185.493
-990.95935,-1192.9716
-993.54803,-1192.43
-995.59534,-1196.2866
-998.0407,-1196.9808
-1000.6563,-1196.2632
-1002.3419,-1203.5394
-1004.909,-1203.353
-1007.4954,-1202.9891
-1009.7082,-1206.0305
-1012.28015,-1205.8474
-1014.7761,-1206.3848
-1017.3485,-1206.2041
-1019.9744,-1205.4858
-1022.403,-1206.7468
-1024.9929,-1206.3903
-1027.5476,-1206.3951
-1030.0364,-1207.122
-1032.6898,-1206.0492
-1035.1658,-1206.9589
-1037.7533,-1206.609
-1040.3693,-1205.9008
-1042.7787,-1207.7173
-1045.3662,-1207.3715
-1047.9386,-1207.2078
-1050.4703,-1207.5872
-1053.069,-1207.0652
-1055.6277,-1207.0865
-1058.1989,-1206.9288
-1060.7814,-1206.5923
-1063.2483,-1208.0641
-1065.8324,-1207.7301
-1068.4045,-1207.5787
-1070.9559,-1207.7906
-1073.5381,-1207.4614
-1076.0907,-1207.6766
-1078.6719,-1207.3505
-1081.2694,-1206.6644
-1083.7896,-1207.6082
-1086.3934,-1206.7439
-1088.9714,-1206.4244
-1091.5056,-1207.1921
-1094.1042,-1206.3326
-1096.6173,-1207.8291
-1099.1908,-1207.6969
-1101.77,-1207.385
-1104.3328,-1207.6188
-1106.9116,-1207.3102
-1109.4896,-1207.003
-1112.0591,-1207.0605
-1114.6401,-1206.5754
-1117.207,-1206.8175
-1119.7842,-1206.5171
-1122.3606,-1206.2183
-1124.9286,-1206.6467
-1127.5071,-1206.1699
-1130.0771,-1206.7834
-1132.6532,-1206.8545
-1135.2314,-1206.3822
-1137.8086,-1207.5475
-1140.3881,-1207.0781
-1142.9655,-1206.4288
-1145.5566,-1208.1471
-1148.1354,-1207.5
-1150.7223,-1207.7659
-1153.3235,-1208.9465
-1155.9082,-1208.6688
-1158.4829,-1207.8455
-1161.0623,-1207.3892
-1163.6406,-1206.9346
-1166.2179,-1206.482
-1168.8088,-1206.578
-1171.396,-1206.4934
-1173.9896,-1206.5929
-1176.5725,-1206.3296
-1179.1748,-1206.6151
-1181.7656,-1206.5377
-1184.3501,-1206.2798
-1186.9421,-1206.206
-1189.5109,-1205.5868
-1192.0779,-1204.9697
-1194.6613,-1204.719
-1197.2355,-1204.288
-1199.955,-1206.5951
-1202.5134,-1205.8013
-1205.0803,-1205.1925
-1207.7007,-1205.4984
-1210.3236,-1205.8065
-1212.8904,-1205.2026
-1215.468,-1204.7836
-1218.0452,-1204.3665
-1220.6218,-1203.9512
-1223.2114,-1203.7203
-1225.8152,-1203.6736
-1228.3917,-1203.2639
-1230.968,-1202.8561
-1233.5588,-1202.6326
-1236.1349,-1202.2285
-1238.7422,-1202.1908
-1241.3347,-1201.9728
-1243.9945,-1202.486
-1246.5728,-1202.0891
-1249.2208,-1202.424
-1251.8004,-1202.0306
-1254.4531,-1202.3695
-1257.2407,-1203.9917
-1259.596,-1201.4094
-1262.2156,-1201.3885
-1265.017,-1203.0153
-1267.8488,-1204.8331
-1269.3391,-1194.7979
-1271.8456,-1193.88
-1274.5209,-1194.4081
-1277.0477,-1193.6742
-1279.7954,-1194.7485
-1284.2744,-1209.5847
-1287.4048,-1213.3099
-1290.046,-1213.1259
-1291.8044,-1206.2539
-1294.3335,-1205.3347
-1297.037,-1205.7101
-1298.926,-1200.2009
-1301.4161,-1199.1115
-1303.355,-1194.2058
-1305.9375,-1193.853
-1308.7086,-1194.7716
-1310.4792,-1189.0018
-1312.9166,-1187.7573
-1315.5177,-1187.5927
-1318.5166,-1189.9489
-1320.8676,-1188.1671
-1326.3442,-1205.725
-1329.7588,-1210.2261
-1332.3279,-1209.5125
-1334.2991,-1205.2649
-1337.0176,-1205.4868
-1339.6105,-1204.9679
-1341.6185,-1201.1216
-1344.2042,-1200.6085
-1347.691,-1205.094
-1350.4578,-1205.5122
-1353.057,-1205.0022
-1356.1448,-1207.1028
-1358.9271,-1207.5295
-1361.6783,-1207.772
-1364.397,-1207.8295
-1367.008,-1207.3274
-1369.3595,-1205.5197
-1371.6312,-1203.3461
-1374.01,-1201.7372
-1375.9662,-1198.1008
-1378.1034,-1195.4038
-1380.2714,-1192.9021
-1382.3936,-1190.2286
-1385.056,-1190.1125
-1388.3966,-1193.1049
-1391.0308,-1192.8099
-1393.2599,-1190.6875
-1398.9221,-1203.8834
-1401.928,-1205.0903
-1405.159,-1207.2428
-1409.4166,-1213.7699
-1411.5348,-1211.0148
-1412.6671,-1204.1343
-1415.0326,-1202.5426
-1417.6647,-1202.0763
-1419.4357,-1198.0725
-1422.0616,-1197.6112
-1424.4122,-1196.0393
-1426.4355,-1193.18
-1429.1964,-1193.2788
-1431.8668,-1193.0104
-1434.349,-1192.0061
-1436.9736,-1191.557
-1437.7252,-1183.9718
-1440.9633,-1185.8971
-1442.7529,-1182.3601
-1441.7363,-1168.4689
-1444.4138,-1168.3893
-1446.2692,-1165.3041
-1448.36,-1163.1128
-1451.2793,-1163.9165
-1453.6608,-1162.7856
-1456.29,-1162.5364
-1459.6792,-1164.9337
-1462.7284,-1166.1035
-1465.1163,-1164.974
-1468.1787,-1166.1486
-1471.0409,-1166.6177
-1474.0687,-1167.623
-1477.321,-1169.3474
-1480.1526,-1169.6478
-1482.9895,-1169.9504
-1485.7765,-1170.0762
-1488.6237,-1170.3832
-1491.8707,-1171.9507
-1495.4738,-1174.6106
-1498.1171,-1174.2043
-1504.7521,-1186.233
-1506.0592,-1181.5928
-1508.6678,-1181.0065
-1516.4642,-1196.2181
-1519.2985,-1196.1932
-1521.1334,-1193.1602
-1523.7156,-1192.387
-1526.1714,-1191.2415
-1528.1808,-1188.7917
-1530.9515,-1188.5858
-1533.2102,-1186.8909
-1535.4012,-1185.0154
-1538.4988,-1185.7428
-1541.145,-1185.1713
-1543.7267,-1184.4158
-1546.7078,-1184.7767
-1550.4342,-1187.1912
-1552.824,-1185.8785
-1557.8124,-1191.687
-1562.2983,-1196.0411
-1564.3558,-1193.7684
-1571.4634,-1205.0626
-1572.4471,-1199.8792
-1579.2446,-1210.1425
-1577.0643,-1196.6528
-1579.26,-1194.761
-1582.0377,-1194.3947
-1583.3481,-1190.2382
-1586.7865,-1191.5781
-1587.7881,-1186.6865
-1589.7444,-1184.2623
-1592.2163,-1183.155
-1593.4197,-1178.8832
-1595.8839,-1177.785
-1599.2509,-1178.9171
-1602.2495,-1179.1226
-1605.1775,-1179.1436
-1608.3416,-1179.7258
-1611.2809,-1179.7505
-1613.9908,-1179.2164
-1617.4893,-1180.5531
-1620.3662,-1180.3958
-1625.251,-1184.9436
-1630.5093,-1190.2981
-1634.3334,-1192.2526
-1637.0109,-1191.5309
-1640.2749,-1192.1519
-1643.8008,-1193.3527
-1644.2078,-1187.4672
-1646.5475,-1185.9921
-1650.3309,-1187.7555
-1655.3403,-1192.2161
-1658.4731,-1192.465
-1661.9635,-1193.4878
-1665.3773,-1194.3219
-1667.9109,-1193.2238
-1670.1764,-1191.5491
-1673.1566,-1191.42
-1676.3219,-1191.6786
-1680.9535,-1195.0411
-1683.4064,-1193.7523
-1687.8944,-1196.7455
-1690.7267,-1196.2356
-1693.8434,-1196.3129
-1700.9658,-1204.6611
-1704.7958,-1206.139
-1706.6968,-1203.6466
-1709.7612,-1203.5378
-1712.7324,-1203.2323
-1715.3135,-1202.1351
-1718.0923,-1201.436
-1720.873,-1200.7384
-1720.8721,-1194.5316
-1726.8417,-1200.1387
-1724.4252,-1189.2504
-1719.9048,-1174.3712
-1723.2247,-1174.8309
-1725.8643,-1173.9648
-1728.8014,-1173.6687
-1731.643,-1173.1842
-1737.8004,-1178.9882
-1739.1465,-1175.6388
-1743.6332,-1178.2141
-1749.3868,-1183.1221
-1753.0028,-1183.9962
-1756.5258,-1184.6802
-1759.6367,-1184.5897
-1762.8589,-1184.6951
-1767.0499,-1186.556
-1769.9675,-1186.0802
-1774.9496,-1189.3252
-1781.8455,-1195.9655
-1784.801,-1195.4915
-1787.5359,-1194.6212
-1790.8333,-1194.7457
-1794.3635,-1195.2701
-1796.3125,-1193.011
-1799.395,-1192.7413
-1803.2842,-1193.8646
-1807.8822,-1196.1923
-1811.3384,-1196.5273
-1815.155,-1197.4666
-1816.9795,-1194.9989
-1820.2162,-1194.937
-1819.2063,-1187.7109
-1822.5497,-1187.845
-1825.6628,-1187.5845
-1828.3042,-1186.5332
-1831.305,-1186.0767
-1834.7908,-1186.4128
-1837.6807,-1185.7603
-1841.181,-1186.099
-1846.1621,-1188.8269
-1849.6902,-1189.1727
-1852.4824,-1188.3228
-1855.9005,-1188.4714
-1859.3271,-1188.6217
-1868.1038,-1197.2384
-1883.8978,-1216.8303
-1879.6252,-1204.7301
-1876.6029,-1194.6823
-1879.3115,-1193.6304
-1882.5447,-1193.3892
-1883.296,-1189.3138
-1887.0541,-1189.8788
-1888.4519,-1186.8239
-1891.1617,-1185.782
-1894.2688,-1185.3424
-1895.3895,-1181.9052
-1900.2256,-1184.0641
-1901.3341,-1180.63
-1899.6484,-1173.0659
-1902.4713,-1172.2354
-1903.1666,-1168.271
-1905.9801,-1167.4438
-1909.9965,-1168.3756
-1910.934,-1164.8171
-1914.0095,-1164.3811
-1917.0852,-1163.9453
-1919.8896,-1163.1205
-1922.9635,-1162.6849
-780.9347,-1172.7758
-783.36163,-1172.8569
-785.8429,-1172.7703
-787.242,-1176.2118
-790.09375,-1174.9462
-792.63574,-1174.691
-794.62146,-1176.2877
-797.068,-1176.3693
-799.06555,-1177.9717
-801.469,-1178.2233
-803.87463,-1178.4751
-805.83954,-1180.2549
-808.54565,-1179.4891
-811.1523,-1179.0637
-813.0835,-1181.0173
-815.88434,-1179.9116
-818.1112,-1180.8475
-820.6721,-1180.5931
-823.1385,-1180.6798
-825.41956,-1181.4487
-827.9801,-1181.1962
-830.53925,-1180.9446
-832.9155,-1181.3755
-835.47296,-1181.1254
-839.2275,-1176.2944
-842.86304,-1171.8395
-845.3525,-1171.763
-848.2683,-1170.0127
-850.83704,-1169.6038
-853.3197,-1169.5299
-855.5522,-1170.4604
-858.20056,-1169.7191
-860.19086,-1171.6578
-863.2436,-1169.2432
-865.48224,-1170.177
-867.04456,-1173.9714
-869.17554,-1175.4224
-870.59766,-1179.9365
-870.5525,-1190.8789
-873.5143,-1188.9059
-875.2464,-1192.3135
-877.3426,-1194.1681
-879.91296,-1193.9302
-882.4439,-1193.8676
-885.0129,-1193.6311
-887.50555,-1193.7446
-889.81177,-1194.7333
-892.567,-1193.6245
-894.1047,-1198.3019
-895.6913,-1202.8418
-898.2784,-1202.6073
-900.43097,-1204.507
-903.1999,-1203.384
-905.8223,-1202.9741
-908.02295,-1204.7006
-910.75073,-1203.7574
-913.2345,-1204.0621
-915.85504,-1203.6555
-918.47375,-1203.2501
-920.859,-1204.0919
-923.4114,-1204.0447
-925.931,-1204.1768
-928.4831,-1204.1316
-930.87665,-1204.9799
-933.3986,-1205.1158
-936.0137,-1204.717
-938.6267,-1204.3197
-941.0571,-1204.9949
-943.6686,-1204.5997
-946.6292,-1202.0682
-950.0634,-1196.5457
-952.70874,-1195.8066
-955.8479,-1191.9147
-958.45154,-1191.3578
-961.42615,-1188.3647
-965.1131,-1180.5674
-967.61,-1180.5375
-970.1318,-1180.3372
-972.875,-1178.598
-975.4157,-1178.2297
-977.9547,-1177.8627
-980.492,-1177.497
-983.0971,-1176.6212
-984.6915,-1183.2852
-986.98914,-1184.8195
-989.40485,-1185.493
-990.95935,-1192.9716
-993.54803,-1192.43
-995.59534,-1196.2866
-998.0407,-1196.9808
-1000.6563,-1196.2632
-1002.3419,-1203.5394
-1004.909,-1203.353
-1007.4954,-1202.9891
-1009.7082,-1206.0305
-1012.28015,-1205.8474
-1014.7761,-1206.3848
-1017.3485,-1206.2041
-1019.9744,-1205.4858
-1022.403,-1206.7468
-1024.9929,-1206.3903
-1027.5476,-1206.3951
-1030.0364,-1207.122
-1032.6898,-1206.0492
-1035.1658,-1206.9589
-1037.7533,-1206.609
-1040.3693,-1205.9008
-1042.7787,-1207.7173
-1045.3662,-1207.3715
-1047.9386,-1207.2078
-1050.4703,-1207.5872
-1053.069,-1207.0652
-1055.6277,-1207.0865
-1058.1989,-1206.9288
-1060.7814,-1206.5923
-1063.2483,-1208.0641
-1065.8324,-1207.7301
-1068.4045,-1207.5787
-1070.9559,-1207.7906
-1073.5381,-1207.4614
-1076.0907,-1207.6766
-1078.6719,-1207.3505
-1081.2694,-1206.6644
-1083.7896,-1207.6082
-1086.3934,-1206.7439
-1088.9714,-1206.4244
-1091.5056,-1207.1921
-1094.1042,-1206.3326
-1096.6173,-1207.8291
-1099.1908,-1207.6969
-1101.77,-1207.385
-1104.3328,-1207.6188
-1106.9116,-1207.3102
-1109.4896,-1207.003
-1112.0591,-1207.0605
-1114.6401,-1206.5754
-1117.207,-1206.8175
-1119.7842,-1206.5171
-1122.3606,-1206.2183
-1124.9286,-1206.6467
-1127.5071,-1206.1699
-1130.0771,-1206.7834
-1132.6532,-1206.8545
-1135.2314,-1206.3822
-1137.8086,-1207.5475
-1140.3881,-1207.0781
-1142.9655,-1206.4288
-1145.5566,-1208.1471
-1148.1354,-1207.5
-1150.7223,-1207.7659
-1153.3235,-1208.9465
-1155.9082,-1208.6688
-1158.4829,-1207.8455
-1161.0623,-1207.3892
-1163.6406,-1206.9346
-1166.2179,-1206.482
-1168.8088,-1206.578
-1171.396,-1206.4934
-1173.9896,-1206.5929
-1176.5725,-1206.3296
-1179.1748,-1206.6151
-1181.7656,-1206.5377
-1184.3501,-1206.2798
-1186.9421,-1206.206
-1189.5109,-1205.5868
-1192.0779,-1204.9697
-1194.6613,-1204.719
-1197.2355,-1204.288
-1199.955,-1206.5951
-1202.5134,-1205.8013
-1205.0803,-1205.1925
-1207.7007,-1205.4984
-1210.3236,-1205.8065
-1212.8904,-1205.2026
-1215.468,-1204.7836
-1218.0452,-1204.3665
-1220.6218,-1203.9512
-1223.2114,-1203.7203
-1225.8152,-1203.6736
-1228.3917,-1203.2639
-1230.968,-1202.8561
-1233.5588,-1202.6326
-1236.1349,-1202.2285
-1238.7422,-1202.1908
-1241.3347,-1201.9728
-1243.9945,-1202.486
-1246.5728,-1202.0891
-1249.2208,-1202.424
-1251.8004,-1202.0306
-1254.4531,-1202.3695
-1257.2407,-1203.9917
-1259.596,-1201.4094
-1262.2156,-1201.3885
-1265.017,-1203.0153
-1267.8488,-1204.8331
-1269.3391,-1194.7979
-1271.8456,-1193.88
-1274.5209,-1194.4081
-1277.0477,-1193.6742
-1279.7954,-1194.7485
-1284.2744,-1209.5847
-1287.4048,-1213.3099
-1290.046,-1213.1259
-1291.8044,-1206.2539
-1294.3335,-1205.3347
-1297.037,-1205.7101
-1298.926,-1200.2009
-1301.4161,-1199.1115
-1303.355,-1194.2058
-1305.9375,-1193.853
-1308.7086,-1194.7716
-1310.4792,-1189.0018
-1312.9166,-1187.7573
-1315.5177,-1187.5927
-1318.5166,-1189.9489
-1320.8676,-1188.1671
-1326.3442,-1205.725
-1329.7588,-1210.2261
-1332.3279,-1209.5125
-1334.2991,-1205.2649
-1337.0176,-1205.4868
-1339.6105,-1204.9679
-1341.6185,-1201.1216
-1344.2042,-1200.6085
-1347.691,-1205.094
-1350.4578,-1205.5122
-1353.057,-1205.0022
-1356.1448,-1207.1028
-1358.9271,-1207.5295
-1361.6783,-1207.772
-1364.397,-1207.8295
-1367.008,-1207.3274
-1369.3595,-1205.5197
-1371.6312,-1203.3461
-1374.01,-1201.7372
-1375.9662,-1198.1008
-1378.1034,-1195.4038
-1380.2714,-1192.9021
-1382.3936,-1190.2286
-1385.056,-1190.1125
-1388.3966,-1193.1049
-1391.0308,-1192.8099
-1393.2599,-1190.6875
-1398.9221,-1203.8834
-1401.928,-1205.0903
-1405.159,-1207.2428
-1409.4166,-1213.7699
-1411.5348,-1211.0148
-1412.6671,-1204.1343
-1415.0326,-1202.5426
-1417.6647,-1202.0763
-1419.4357,-1198.0725
-1422.0616,-1197.6112
-1424.4122,-1196.0393
-1426.4355,-1193.18
-1429.1964,-1193.2788
-1431.8668,-1193.0104
-1434.349,-1192.0061
-1436.9736,-1191.557
-1437.7252,-1183.9718
-1440.9633,-1185.8971
-1442.7529,-1182.3601
-1441.7363,-1168.4689
-1444.4138,-1168.3893
-1446.2692,-1165.3041
-1448.36,-1163.1128
-1451.2793,-1163.9165
-1453.6608,-1162.7856
-1456.29,-1162.5364
-1459.6792,-1164.9337
-1462.7284,-1166.1035
-1465.1163,-1164.974
-1468.1787,-1166.1486
-1471.0409,-1166.6177
-1474.0687,-1167.623
-1477.321,-1169.3474
-1480.1526,-1169.6478
-1482.9895,-1169.9504
-1485.7765,-1170.0762
-1488.6237,-1170.3832
-1491.8707,-1171.9507
-1495.4738,-1174.6106
-1498.1171,-1174.2043
-1504.7521,-1186.233
-1506.0592,-1181.5928
-1508.6678,-1181.0065
-1516.4642,-1196.2181
-1519.2985,-1196.1932
-1521.1334,-1193.1602
-1523.7156,-1192.387
-1526.1714,-1191.2415
-1528.1808,-1188.7917
-1530.9515,-1188.5858
-1533.2102,-1186.8909
-1535.4012,-1185.0154
-1538.4988,-1185.7428
-1541.145,-1185.1713
-1543.7267,-1184.4158
-1546.7078,-1184.7767
-1550.4342,-1187.1912
-1552.824,-1185.8785
-1557.8124,-1191.687
-1562.2983,-1196.0411
-1564.3558,-1193.7684
-1571.4634,-1205.0626
-1572.4471,-1199.8792
-1579.2446,-1210.1425
-1577.0643,-1196.6528
-1579.26,-1194.761
-1582.0377,-1194.3947
-1583.3481,-1190.2382
-1586.7865,-1191.5781
-1587.7881,-1186.6865
-1589.7444,-1184.2623
-1592.2163,-1183.155
-1593.4197,-1178.8832
-1595.8839,-1177.785
-1599.2509,-1178.9171
-1602.2495,-1179.1226
-1605.1775,-1179.1436
-1608.3416,-1179.7258
-1611.2809,-1179.7505
-1613.9908,-1179.2164
-1617.4893,-1180.5531
-1620.3662,-1180.3958
-1625.251,-1184.9436
-1630.5093,-1190.2981
-1634.3334,-1192.2526
-1637.0109,-1191.5309
-1640.2749,-1192.1519
-1643.8008,-1193.3527
-1644.2078,-1187.4672
-1646.5475,-1185.9921
-1650.3309,-1187.7555
-1655.3403,-1192.2161
-1658.4731,-1192.465
-1661.9635,-1193.4878
-1665.3773,-1194.3219
-1667.9109,-1193.2238
-1670.1764,-1191.5491
-1673.1566,-1191.42
-1676.3219,-1191.6786
-1680.9535,-1195.0411
-1683.4064,-1193.7523
-1687.8944,-1196.7455
-1690.7267,-1196.2356
-1693.8434,-1196.3129
-1700.9658,-1204.6611
-1704.7958,-1206.139
-1706.6968,-1203.6466
-1709.7612,-1203.5378
-1712.7324,-1203.2323
-1715.3135,-1202.1351
-1718.0923,-1201.436
-1720.873,-1200.7384
-1720.8721,-1194.5316
-1726.8417,-1200.1387
-1724.4252,-1189.2504
-1719.9048,-1174.3712
-1723.2247,-1174.8309
-1725.8643,-1173.9648
-1728.8014,-1173.6687
-1731.643,-1173.1842
-1737.8004,-1178.9882
-1739.1465,-1175.6388
-1743.6332,-1178.2141
-1749.3868,-1183.1221
-1753.0028,-1183.9962
-1756.5258,-1184.6802
-1759.6367,-1184.5897
-1762.8589,-1184.6951
-1767.0499,-1186.556
-1769.9675,-1186.0802
-1774.9496,-1189.3252
-1781.8455,-1195.9655
-1784.801,-1195.4915
-1787.5359,-1194.6212
-1790.8333,-1194.7457
-1794.3635,-1195.2701
-1796.3125,-1193.011
-1799.395,-1192.7413
-1803.2842,-1193.8646
-1807.8822,-1196.1923
-1811.3384,-1196.5273
-1815.155,-1197.4666
-1816.9795,-1194.9989
-1820.2162,-1194.937
-1819.2063,-1187.7109
-1822.5497,-1187.845
-1825.6628,-1187.5845
-1828.3042,-1186.5332
-1831.305,-1186.0767
-1834.7908,-1186.4128
-1837.6807,-1185.7603
-1841.181,-1186.099
-1846.1621,-1188.8269
-1849.6902,-1189.1727
-1852.4824,-1188.3228
-1855.9005,-1188.4714
-1859.3271,-1188.6217
-1868.1038,-1197.2384
-1883.8978,-1216.8303
-1879.6252,-1204.7301
-1876.6029,-1194.6823
-1879.3115,-1193.6304
-1882.5447,-1193.3892
-1883.296,-1189.3138
-1887.0541,-1189.8788
-1888.4519,-1186.8239
-1891.1617,-1185.782
-1894.2688,-1185.3424
-1895.3895,-1181.9052
-1900.2256,-1184.0641
-1901.3341,-1180.63
-1899.6484,-1173.0659
-1902.4713,-1172.2354
-1903.1666,-1168.271
-1905.9801,-1167.4438
-1909.9965,-1168.3756
-1910.934,-1164.8171
-1914.0095,-1164.3811
-1917.0852,-1163.9453
-1919.8896,-1163.1205
-1922.9635,-1162.6849
1062.3983,-1199.5337
1059.0327,-1198.8191
1055.1768,-1197.0183
1053.0975,-1199.135
1049.835,-1198.6398
1046.7694,-1198.5808
1043.8011,-1198.74
1040.6404,-1198.4647
1037.7687,-1198.8427
1034.7058,-1198.7865
1031.4556,-1198.2965
1028.5851,-1198.677
1025.3408,-1198.1897
1022.9375,-1199.6592
1020.1599,-1200.2614
1016.92163,-1199.7769
1015.33887,-1203.2173
1012.6493,-1204.0452
1009.41327,-1203.5624
1008.45105,-1208.5657
1005.2124,-1208.0825
1002.1602,-1208.0421
999.381,-1208.6642
996.3367,-1208.6283
993.2972,-1208.5947
990.2625,-1208.5636
987.14514,-1208.3151
984.20715,-1208.5085
981.09985,-1208.2648
977.82666,-1207.5844
974.9018,-1207.7845
971.64136,-1207.1095
967.29865,-1203.5979
963.89484,-1202.4977
960.58307,-1201.6191
937.6114,-1148.5613
934.3184,-1147.375
931.2571,-1146.7892
927.9086,-1145.413
924.93463,-1145.0314
922.7616,-1146.8313
919.432,-1145.4614
916.46924,-1145.0852
917.8742,-1156.8893
914.8887,-1156.5067
913.4083,-1160.3683
914.15576,-1170.61
911.0015,-1169.8093
909.1418,-1172.7212
906.91833,-1174.6101
904.12164,-1174.8451
907.2007,-1192.3218
905.3106,-1195.3408
901.6839,-1193.2328
869.7241,-1106.1116
866.4779,-1104.4987
862.70074,-1101.2418
859.8409,-1100.7444
857.3418,-1101.3469
853.4913,-1097.7516
850.65186,-1097.2632
848.22107,-1098.0496
845.56024,-1098.1102
842.7314,-1097.6271
841.43536,-1102.0685
839.50793,-1104.5183
836.5058,-1103.4835
835.24384,-1108.1556
832.0196,-1106.3805
830.798,-1111.2625
832.1486,-1124.863
830.069,-1127.0312
832.24005,-1143.7343
830.3047,-1146.5608
827.45215,-1146.2448
826.64185,-1153.0505
825.36786,-1158.3248
790.3543,-1043.7157
787.3985,-1042.1638
784.90625,-1042.2582
782.191,-1041.5334
779.5705,-1041.1392
777.0423,-1041.0741
774.47284,-1040.8468
771.6466,-1039.6406
769.4726,-1040.888
766.95416,-1040.8287
764.48035,-1040.9348
761.8406,-1040.3883
759.28845,-1040.1704
756.7805,-1040.1173
754.5603,-1041.2091
751.9733,-1040.8318
749.4302,-1040.6195
747.24744,-1041.8795
744.70667,-1041.6697
742.2079,-1041.6249
739.9045,-1042.3993
737.33136,-1042.0302
735.25555,-1043.7909
732.64685,-1043.2598
730.1915,-1043.3857
727.92224,-1044.3331
725.7976,-1045.9408
724.3264,-1050.5315
722.991,-1055.8292
720.3706,-1055.294
743.3562,-1174.2783
740.57837,-1174.2156
738.27606,-1176.4064
735.6687,-1177.168
732.7647,-1176.4961
730.451,-1178.7001
727.79913,-1179.2646
724.98285,-1179.0085
722.7387,-1181.6399
719.882,-1181.1805
717.02954,-1180.724
713.985,-1179.2412
711.37555,-1180.0253
700.03595,-1133.8173
693.9035,-1114.8304
691.05426,-1113.5194
688.1472,-1111.8456
685.60675,-1112.1984
682.84186,-1111.2666
679.67316,-1107.9608
677.1431,-1108.3173
674.7974,-1109.7727
672.0527,-1108.8531
669.61273,-1109.7642
667.58563,-1113.249
665.0773,-1113.8013
662.8,-1115.8323
660.5451,-1118.057
657.9707,-1118.2476
657.7188,-1133.8512
656.5667,-1143.8391
654.56573,-1148.3142
653.3483,-1158.3463
650.21484,-1155.1951
648.92944,-1165.1415
648.9263,-1184.6837
646.24426,-1185.111
644.87103,-1195.339
642.55493,-1198.7268
639.29956,-1194.9565
635.77386,-1188.9207
632.5408,-1185.0087
629.93585,-1186.0701
624.03033,-1159.767
621.2386,-1158.81
617.9263,-1153.3278
615.2231,-1152.9742
612.56635,-1153.015
609.9966,-1153.8429
607.2134,-1152.7115
604.829,-1155.3113
603.7326,-1170.4978
601.533,-1175.4077
599.19556,-1179.1302
596.6665,-1181.029
593.93695,-1180.8829
592.5464,-1195.2476
589.92017,-1196.5708
587.068,-1195.378
584.76245,-1200.4995
582.0844,-1201.4174
579.7839,-1207.019
577.17474,-1209.0208
574.2779,-1207.3893
571.8055,-1211.3285
569.099,-1212.2739
566.26794,-1211.5013
563.2653,-1208.1613
560.50476,-1208.254
557.5805,-1205.7881
554.7996,-1205.4598
552.04614,-1205.56
549.29285,-1205.6628
546.5514,-1205.9812
543.7978,-1206.0891
541.0334,-1205.9868
538.2803,-1206.1
535.5272,-1206.2158
532.77405,-1206.3342
530.02075,-1206.4553
527.2588,-1206.366
524.5138,-1206.7054
521.7601,-1206.8345
518.99884,-1206.7529
516.24506,-1206.8873
513.49097,-1207.0243
510.73654,-1207.1641
507.97632,-1207.0931
505.21664,-1207.0249
502.4574,-1206.9595
499.70267,-1207.1099
496.94385,-1207.0497
494.1885,-1207.2054
491.43262,-1207.3639
488.6739,-1207.3119
485.9172,-1207.4757
483.15985,-1207.6423
480.40094,-1207.5984
477.64297,-1207.984
474.88348,-1207.9453
472.1236,-1208.123
469.3619,-1208.517
466.5999,-1208.7003
463.8389,-1208.6725
461.08716,-1207.793
458.32516,-1207.9841
455.5687,-1207.751
452.83145,-1206.4545
450.0333,-1208.5742
447.32248,-1206.2157
444.57098,-1205.994
441.8092,-1206.2008
439.07016,-1205.5588
436.30792,-1205.7709
433.55142,-1205.7728
430.80194,-1205.5647
428.0297,-1205.9978
425.28003,-1205.795
422.5048,-1206.2336
419.73648,-1206.4623
416.98605,-1206.2675
414.2159,-1206.5016
411.44437,-1206.7384
408.67133,-1206.9781
405.8968,-1207.2208
403.13266,-1207.2528
400.35547,-1207.5009
397.57666,-1207.752
394.8229,-1207.5785
392.02786,-1208.0488
389.25876,-1208.0945
386.5183,-1207.7156
383.71796,-1208.1942
381.02466,-1207.1799
378.31885,-1206.383
375.5328,-1206.6555
372.81302,-1206.0779
370.02493,-1206.3558
367.2528,-1206.4233
364.51642,-1206.0669
361.72406,-1206.3531
358.96826,-1206.2157
356.19232,-1206.2941
353.41516,-1206.3754
350.61594,-1206.6729
347.83566,-1206.7596
345.03232,-1207.0627
342.271,-1206.9415
339.4639,-1207.2502
336.65445,-1207.5618
333.86612,-1207.6625
331.05222,-1207.9799
328.26038,-1208.0859
325.44193,-1208.409
322.62094,-1208.735
319.84927,-1208.635
317.12964,-1208.1094
314.35736,-1208.0148
311.58432,-1207.923
308.78262,-1208.0479
306.17673,-1206.6774
303.34607,-1207.021
300.54178,-1207.1536
297.85397,-1206.4333
294.9576,-1207.2128
292.20914,-1206.9252
289.39853,-1207.0684
286.52295,-1207.6426
283.8352,-1206.9342
280.9546,-1207.5137
278.10284,-1207.8818
275.31482,-1207.824
272.4578,-1208.1976
269.73502,-1207.716
266.83875,-1208.3097
263.93823,-1208.9066
261.5341,-1206.5017
258.66824,-1206.8878
255.83572,-1207.0625
253.03795,-1207.0253
250.20107,-1207.2052
247.4379,-1206.9589
244.67413,-1206.7151
241.83174,-1206.9028
239.06577,-1206.6643
236.25916,-1206.6427
233.28905,-1207.4824
230.43622,-1207.6812
227.66362,-1207.4528
224.93213,-1207.0121
222.03122,-1207.4333
219.16946,-1207.6426
216.73804,-1205.7068
213.87563,-1205.9203
210.96611,-1206.3512
208.09746,-1206.5703
205.2259,-1206.792
202.48854,-1206.3715
199.5664,-1206.8132
196.59355,-1207.4731
194.2287,-1205.3408
191.15736,-1206.434
188.2232,-1206.8859
185.86765,-1204.7618
182.88249,-1205.432
180.09009,-1205.2461
177.39636,-1204.6334
174.24939,-1205.9558
171.70564,-1204.7029
168.75412,-1205.1708
165.90215,-1205.2115
163.10027,-1205.0398
160.24416,-1205.0852
157.43901,-1204.9182
154.5786,-1204.9683
151.6614,-1205.236
149.01494,-1204.4307
146.0933,-1204.7028
143.33556,-1204.332
140.74574,-1203.3195
137.7046,-1204.0276
135.05824,-1203.2343
132.12479,-1203.5175
128.95459,-1204.6637
126.53999,-1203.0164
123.420296,-1203.9515
120.711555,-1203.3837
118.00281,-1202.8186
114.93037,-1203.5458
112.21888,-1202.9847
109.32252,-1203.0714
106.2989,-1203.5908
103.70871,-1202.606
100.86802,-1202.4841
97.96173,-1202.5795
95.05244,-1202.6772
92.140114,-1202.7771
89.55004,-1201.8031
86.30635,-1202.9835
83.51712,-1202.659
80.72678,-1202.3365
77.599915,-1203.0936
74.53436,-1203.6382
71.6683,-1203.5371
68.525154,-1204.3026
65.99905,-1203.1252
62.987804,-1203.4622
59.761467,-1204.4502
57.023487,-1203.9261
53.78612,-1204.9193
50.900784,-1204.8319
48.519444,-1203.231
45.123657,-1204.6625
42.81822,-1202.8486
40.29642,-1201.6882
37.184444,-1202.2573
34.365738,-1201.9644
31.395555,-1202.1052
28.422125,-1202.2479
25.521587,-1202.1763
22.4654,-1202.5392
19.482107,-1202.6875
16.495445,-1202.8379
13.427138,-1203.2067
11.063474,-1201.6282
7.9120364,-1202.2162
5.2335377,-1201.5074
2.1546416,-1201.8826
-1.0096169,-1202.4767
-4.0981135,-1202.8562
-7.1911974,-1203.2379
-10.453947,-1204.0566
-12.892957,-1202.704
-16.247005,-1203.7432
-19.356737,-1204.1328
-22.047844,-1203.4362
-24.823668,-1202.959
-27.685585,-1202.7009
-30.721292,-1202.8793
-34.020767,-1203.7125
-36.455734,-1202.3708
-39.500977,-1202.554
-42.550236,-1202.7388
-45.514927,-1202.7074
-48.57202,-1202.8956
-51.63344,-1203.0853
-54.157757,-1201.9696
-57.86042,-1203.6882
-60.38747,-1202.5741
-63.647953,-1203.2063
-66.17613,-1202.0951
-69.26011,-1202.2937
-72.535866,-1202.9304
-75.44272,-1202.6958
-78.730705,-1203.3363
-82.12152,-1204.1982
-84.65887,-1203.0924
-88.061554,-1203.9572
-91.473366,-1204.8252
-93.72393,-1203.0647
-97.047104,-1203.715
-99.29458,-1201.9585
-102.426445,-1202.1722
-105.661575,-1202.6061
-108.80129,-1202.8221
-112.04488,-1203.2584
-115.29255,-1203.6958
-118.44207,-1203.9147
-121.69631,-1204.3539
-124.85057,-1204.5742
-128.1101,-1205.0149
-131.47656,-1205.677
-133.69272,-1203.9159
-137.05844,-1204.5768
-140.32097,-1205.0182
-142.73297,-1203.6968
-146.09962,-1204.3574
1062.3983,-1199.5337
1059.0327,-1198.8191
1055.1768,-1197.0183
1053.0975,-1199.135
1049.835,-1198.6398
1046.7694,-1198.5808
1043.8011,-1198.74
1040.6404,-1198.4647
1037.7687,-1198.8427
1034.7058,-1198.7865
1031.4556,-1198.2965
1028.5851,-1198.677
1025.3408,-1198.1897
1022.9375,-1199.6592
1020.1599,-1200.2614
1016.92163,-1199.7769
1015.33887,-1203.2173
1012.6493,-1204.0452
1009.41327,-1203.5624
1008.45105,-1208.5657
1005.2124,-1208.0825
1002.1602,-1208.0421
999.381,-1208.6642
996.3367,-1208.6283
993.2972,-1208.5947
990.2625,-1208.5636
987.14514,-1208.3151
984.20715,-1208.5085
981.09985,-1208.2648
977.82666,-1207.5844
974.9018,-1207.7845
971.64136,-1207.1095
967.29865,-1203.5979
963.89484,-1202.4977
960.58307,-1201.6191
937.6114,-1148.5613
934.3184,-1147.375
931.2571,-1146.7892
927.9086,-1145.413
924.93463,-1145.0314
922.7616,-1146.8313
919.432,-1145.4614
916.46924,-1145.0852
917.8742,-1156.8893
914.8887,-1156.5067
913.4083,-1160.3683
914.15576,-1170.61
911.0015,-1169.8093
909.1418,-1172.7212
906.91833,-1174.6101
904.12164,-1174.8451
907.2007,-1192.3218
905.3106,-1195.3408
901.6839,-1193.2328
869.7241,-1106.1116
866.4779,-1104.4987
862.70074,-1101.2418
859.8409,-1100.7444
857.3418,-1101.3469
853.4913,-1097.7516
850.65186,-1097.2632
848.22107,-1098.0496
845.56024,-1098.1102
842.7314,-1097.6271
841.43536,-1102.0685
839.50793,-1104.5183
836.5058,-1103.4835
835.24384,-1108.1556
832.0196,-1106.3805
830.798,-1111.2625
832.1486,-1124.863
830.069,-1127.0312
832.24005,-1143.7343
830.3047,-1146.5608
827.45215,-1146.2448
826.64185,-1153.0505
825.36786,-1158.3248
790.3543,-1043.7157
787.3985,-1042.1638
784.90625,-1042.2582
782.191,-1041.5334
779.5705,-1041.1392
777.0423,-1041.0741
774.47284,-1040.8468
771.6466,-1039.6406
769.4726,-1040.888
766.95416,-1040.8287
764.48035,-1040.9348
761.8406,-1040.3883
759.28845,-1040.1704
756.7805,-1040.1173
754.5603,-1041.2091
751.9733,-1040.8318
749.4302,-1040.6195
747.24744,-1041.8795
744.70667,-1041.6697
742.2079,-1041.6249
739.9045,-1042.3993
737.33136,-1042.0302
735.25555,-1043.7909
732.64685,-1043.2598
730.1915,-1043.3857
727.92224,-1044.3331
725.7976,-1045.9408
724.3264,-1050.5315
722.991,-1055.8292
720.3706,-1055.294
743.3562,-1174.2783
740.57837,-1174.2156
738.27606,-1176.4064
735.6687,-1177.168
732.7647,-1176.4961
730.451,-1178.7001
727.79913,-1179.2646
724.98285,-1179.0085
722.7387,-1181.6399
719.882,-1181.1805
717.02954,-1180.724
713.985,-1179.2412
711.37555,-1180.0253
700.03595,-1133.8173
693.9035,-1114.8304
691.05426,-1113.5194
688.1472,-1111.8456
685.60675,-1112.1984
682.84186,-1111.2666
679.67316,-1107.9608
677.1431,-1108.3173
674.7974,-1109.7727
672.0527,-1108.8531
669.61273,-1109.7642
667.58563,-1113.249
665.0773,-1113.8013
662.8,-1115.8323
660.5451,-1118.057
657.9707,-1118.2476
657.7188,-1133.8512
656.5667,-1143.8391
654.56573,-1148.3142
653.3483,-1158.3463
650.21484,-1155.1951
648.92944,-1165.1415
648.9263,-1184.6837
646.24426,-1185.111
644.87103,-1195.339
642.55493,-1198.7268
639.29956,-1194.9565
635.77386,-1188.9207
632.5408,-1185.0087
629.93585,-1186.0701
624.03033,-1159.767
621.2386,-1158.81
617.9263,-1153.3278
615.2231,-1152.9742
612.56635,-1153.015
609.9966,-1153.8429
607.2134,-1152.7115
604.829,-1155.3113
603.7326,-1170.4978
601.533,-1175.4077
599.19556,-1179.1302
596.6665,-1181.029
593.93695,-1180.8829
592.5464,-1195.2476
589.92017,-1196.5708
587.068,-1195.378
584.76245,-1200.4995
582.0844,-1201.4174
579.7839,-1207.019
577.17474,-1209.0208
574.2779,-1207.3893
571.8055,-1211.3285
569.099,-1212.2739
566.26794,-1211.5013
563.2653,-1208.1613
560.50476,-1208.254
557.5805,-1205.7881
554.7996,-1205.4598
552.04614,-1205.56
549.29285,-1205.6628
546.5514,-1205.9812
543.7978,-1206.0891
541.0334,-1205.9868
538.2803,-1206.1
535.5272,-1206.2158
532.77405,-1206.3342
530.02075,-1206.4553
527.2588,-1206.366
524.5138,-1206.7054
521.7601,-1206.8345
518.99884,-1206.7529
516.24506,-1206.8873
513.49097,-1207.0243
510.73654,-1207.1641
507.97632,-1207.0931
505.21664,-1207.0249
502.4574,-1206.9595
499.70267,-1207.1099
496.94385,-1207.0497
494.1885,-1207.2054
491.43262,-1207.3639
488.6739,-1207.3119
485.9172,-1207.4757
483.15985,-1207.6423
480.40094,-1207.5984
477.64297,-1207.984
474.88348,-1207.9453
472.1236,-1208.123
469.3619,-1208.517
466.5999,-1208.7003
463.8389,-1208.6725
461.08716,-1207.793
458.32516,-1207.9841
455.5687,-1207.751
452.83145,-1206.4545
450.0333,-1208.5742
447.32248,-1206.2157
444.57098,-1205.994
441.8092,-1206.2008
439.07016,-1205.5588
436.30792,-1205.7709
433.55142,-1205.7728
430.80194,-1205.5647
428.0297,-1205.9978
425.28003,-1205.795
422.5048,-1206.2336
419.73648,-1206.4623
416.98605,-1206.2675
414.2159,-1206.5016
411.44437,-1206.7384
408.67133,-1206.9781
405.8968,-1207.2208
403.13266,-1207.2528
400.35547,-1207.5009
397.57666,-1207.752
394.8229,-1207.5785
392.02786,-1208.0488
389.25876,-1208.0945
386.5183,-1207.7156
383.71796,-1208.1942
381.02466,-1207.1799
378.31885,-1206.383
375.5328,-1206.6555
372.81302,-1206.0779
370.02493,-1206.3558
367.2528,-1206.4233
364.51642,-1206.0669
361.72406,-1206.3531
358.96826,-1206.2157
356.19232,-1206.2941
353.41516,-1206.3754
350.61594,-1206.6729
347.83566,-1206.7596
345.03232,-1207.0627
342.271,-1206.9415
339.4639,-1207.2502
336.65445,-1207.5618
333.86612,-1207.6625
331.05222,-1207.9799
328.26038,-1208.0859
325.44193,-1208.409
322.62094,-1208.735
319.84927,-1208.635
317.12964,-1208.1094
314.35736,-1208.0148
311.58432,-1207.923
308.78262,-1208.0479
306.17673,-1206.6774
303.34607,-1207.021
300.54178,-1207.1536
297.85397,-1206.4333
294.9576,-1207.2128
292.20914,-1206.9252
289.39853,-1207.0684
286.52295,-1207.6426
283.8352,-1206.9342
280.9546,-1207.5137
278.10284,-1207.8818
275.31482,-1207.824
272.4578,-1208.1976
269.73502,-1207.716
266.83875,-1208.3097
263.93823,-1208.9066
261.5341,-1206.5017
258.66824,-1206.8878
255.83572,-1207.0625
253.03795,-1207.0253
250.20107,-1207.2052
247.4379,-1206.9589
244.67413,-1206.7151
241.83174,-1206.9028
239.06577,-1206.6643
236.25916,-1206.6427
233.28905,-1207.4824
230.43622,-1207.6812
227.66362,-1207.4528
224.93213,-1207.0121
222.03122,-1207.4333
219.16946,-1207.6426
216.73804,-1205.7068
213.87563,-1205.9203
210.96611,-1206.3512
208.09746,-1206.5703
205.2259,-1206.792
202.48854,-1206.3715
199.5664,-1206.8132
196.59355,-1207.4731
194.2287,-1205.3408
191.15736,-1206.434
188.2232,-1206.8859
185.86765,-1204.7618
182.88249,-1205.432
180.09009,-1205.2461
177.39636,-1204.6334
174.24939,-1205.9558
171.70564,-1204.7029
168.75412,-1205.1708
165.90215,-1205.2115
163.10027,-1205.0398
160.24416,-1205.0852
157.43901,-1204.9182
154.5786,-1204.9683
151.6614,-1205.236
149.01494,-1204.4307
146.0933,-1204.7028
143.33556,-1204.332
140.74574,-1203.3195
137.7046,-1204.0276
135.05824,-1203.2343
132.12479,-1203.5175
128.95459,-1204.6637
126.53999,-1203.0164
123.420296,-1203.9515
120.711555,-1203.3837
118.00281,-1202.8186
114.93037,-1203.5458
112.21888,-1202.9847
109.32252,-1203.0714
106.2989,-1203.5908
103.70871,-1202.606
100.86802,-1202.4841
97.96173,-1202.5795
95.05244,-1202.6772
92.140114,-1202.7771
89.55004,-1201.8031
86.30635,-1202.9835
83.51712,-1202.659
80.72678,-1202.3365
77.599915,-1203.0936
74.53436,-1203.6382
71.6683,-1203.5371
68.525154,-1204.3026
65.99905,-1203.1252
62.987804,-1203.4622
59.761467,-1204.4502
57.023487,-1203.9261
53.78612,-1204.9193
50.900784,-1204.8319
48.519444,-1203.231
45.123657,-1204.6625
42.81822,-1202.8486
40.29642,-1201.6882
37.184444,-1202.2573
34.365738,-1201.9644
31.395555,-1202.1052
28.422125,-1202.2479
25.521587,-1202.1763
22.4654,-1202.5392
19.482107,-1202.6875
16.495445,-1202.8379
13.427138,-1203.2067
11.063474,-1201.6282
7.9120364,-1202.2162
5.2335377,-1201.5074
2.1546416,-1201.8826
-1.0096169,-1202.4767
-4.0981135,-1202.8562
-7.1911974,-1203.2379
-10.453947,-1204.0566
-12.892957,-1202.704
-16.247005,-1203.7432
-19.356737,-1204.1328
-22.047844,-1203.4362
-24.823668,-1202.959
-27.685585,-1202.7009
-30.721292,-1202.8793
-34.020767,-1203.7125
-36.455734,-1202.3708
-39.500977,-1202.554
-42.550236,-1202.7388
-45.514927,-1202.7074
-48.57202,-1202.8956
-51.63344,-1203.0853
-54.157757,-1201.9696
-57.86042,-1203.6882
-60.38747,-1202.5741
-63.647953,-1203.2063
-66.17613,-1202.0951
-69.26011,-1202.2937
-72.535866,-1202.9304
-75.44272,-1202.6958
-78.730705,-1203.3363
-82.12152,-1204.1982
-84.65887,-1203.0924
-88.061554,-1203.9572
-91.473366,-1204.8252
-93.72393,-1203.0647
-97.047104,-1203.715
-99.29458,-1201.9585
-102.426445,-1202.1722
-105.661575,-1202.6061
-108.80129,-1202.8221
-112.04488,-1203.2584
-115.29255,-1203.6958
-118.44207,-1203.9147
-121.69631,-1204.3539
-124.85057,-1204.5742
-128.1101,-1205.0149
-131.47656,-1205.677
-133.69272,-1203.9159
-137.05844,-1204.5768
-140.32097,-1205.0182
-142.73297,-1203.6968
-146.09962,-1204.3574
2084.9766,-1341.29
2081.4568,-1341.8278
2076.8022,-1340.8417
2053.7224,-1315.0552
2048.4956,-1313.1646
2049.5618,-1319.7864
2044.6866,-1318.3698
2039.8298,-1316.9594
2032.0055,-1311.4479
2024.439,-1306.2328
2021.7421,-1307.7266
2012.4042,-1299.9553
2009.2151,-1300.7303
2006.8651,-1302.6881
2002.8397,-1302.2837
1999.322,-1302.5897
1993.9958,-1300.3053
1993.2883,-1304.623
1987.9807,-1302.336
1974.6909,-1288.448
1971.4071,-1288.9941
1968.2852,-1289.7719
1964.6963,-1289.8605
1961.1151,-1289.9507
1957.852,-1290.5026
1894.8176,-1202.0667
1887.733,-1196.4993
1870.3091,-1175.3308
1879.8275,-1194.6415
1864.3519,-1176.2078
1861.6896,-1177.1195
1858.6594,-1177.4672
1858.0953,-1181.5995
1862.0118,-1192.6816
1856.5911,-1189.3674
1868.0132,-1212.2697
1865.5458,-1213.6211
1862.3132,-1213.7723
1859.5936,-1214.7263
1857.5079,-1216.6862
1844.959,-1201.9672
1836.4567,-1193.5862
1835.7185,-1197.6188
1823.9292,-1183.8093
1820.5981,-1183.6051
1819.7109,-1187.3788
1818.3539,-1190.4099
1815.1342,-1190.3936
1815.1613,-1195.7421
1813.6752,-1198.617
1809.8683,-1197.6335
1811.8552,-1206.3561
1809.4257,-1207.7054
1800.7933,-1198.5525
1786.3481,-1179.4141
1783.1,-1179.2302
1781.3763,-1181.6553
1778.6737,-1182.4054
1776.2961,-1183.7179
1775.6432,-1188.0398
1773.151,-1189.1741
1770.0154,-1189.1782
1768.8097,-1192.5854
1765.7817,-1192.7797
1765.1022,-1197.1581
1762.8171,-1198.6904
1760.2123,-1199.6521
1756.4467,-1198.5116
1753.3239,-1198.52
1750.2069,-1198.5302
1744.9274,-1194.5549
1741.0173,-1193.0603
1729.9286,-1178.2023
1722.9005,-1170.7632
1719.5131,-1170.076
1715.9451,-1169.0319
1712.2008,-1167.6333
1709.9778,-1169.1128
1704.8531,-1165.0358
1703.4728,-1168.1226
1697.1993,-1161.7545
1694.6255,-1162.5146
1691.4192,-1162.036
1690.2043,-1165.4615
1687.6312,-1166.2273
1685.2386,-1167.3513
1683.472,-1169.7292
1680.8981,-1170.5011
1679.2144,-1173.0703
1677.2598,-1175.1079
1673.9757,-1174.4446
1668.7815,-1169.8444
1666.1351,-1170.443
1663.0605,-1170.1506
1657.2758,-1164.1904
1650.9817,-1157.0853
1641.1487,-1142.418
1637.0759,-1139.805
1634.364,-1140.0605
1631.5774,-1140.1493
1629.2623,-1141.2484
1627.2571,-1143.0242
1629.7052,-1154.5371
1625.9567,-1152.5624
1618.1642,-1141.6206
1616.9921,-1145.255
1613.7692,-1144.3387
1603.7723,-1128.1671
1601.4927,-1129.2554
1599.7893,-1131.6595
1598.0817,-1134.073
1595.2212,-1133.8517
1595.6604,-1141.2621
1594.5858,-1145.2249
1590.7771,-1142.8173
1596.7991,-1163.5538
1598.8293,-1175.0635
1589.2205,-1158.9241
1583.0529,-1150.8396
1580.603,-1151.631
1578.6427,-1153.6135
1576.2607,-1154.58
1573.5325,-1154.6968
1571.9093,-1157.5444
1569.1812,-1157.6635
1566.4567,-1157.7838
1564.8885,-1160.8177
1562.2986,-1161.2837
1560.8552,-1164.6802
1559.6082,-1168.6173
1557.6804,-1170.8322
1555.2122,-1171.6561
1553.1438,-1173.532
1550.6736,-1174.3608
1548.6658,-1176.4219
1545.9307,-1176.5524
1544.6378,-1180.5654
1542.0951,-1181.2292
1539.0355,-1180.4785
1537.2704,-1183.2722
1534.6647,-1183.7644
1531.997,-1184.0807
1529.648,-1185.2876
1527.5496,-1187.2112
1523.4482,-1183.4423
1519.7478,-1180.761
1516.4949,-1179.3257
1513.9175,-1179.8273
1511.2815,-1180.1548
1508.8263,-1181.0116
1506.2526,-1181.5186
1503.6215,-1181.8511
1501.5178,-1183.772
1499.3519,-1185.5222
1496.6045,-1185.5062
1493.9755,-1185.846
1491.0645,-1185.3033
1489.8557,-1190.0806
1487.8452,-1192.3881
1485.4357,-1193.4506
1482.969,-1194.3365
1479.7825,-1192.8986
1477.9242,-1195.757
1474.0413,-1191.9998
1471.3679,-1192.1772
1468.5905,-1192.0009
1465.8705,-1192.0044
1463.2588,-1192.3654
1460.1296,-1190.9523
1457.3202,-1190.6078
1454.9235,-1191.683
1451.6667,-1189.7498
1449.2732,-1190.8264
1446.8285,-1191.7289
1444.0387,-1191.3942
1441.4,-1191.5923
1438.8121,-1191.9691
1435.9866,-1191.4637
1433.4513,-1192.0206
1431.2932,-1193.9961
1428.616,-1194.0258
1426.1732,-1194.9437
1426.5133,-1206.623
1423.3971,-1205.0271
1424.0889,-1218.3815
1423.8499,-1228.2772
1421.0592,-1228.1172
1416.524,-1220.8788
1413.8049,-1220.9136
1410.3739,-1217.9973
1402.9875,-1198.5022
1400.8398,-1200.6884
1398.4343,-1201.8099
1395.819,-1202.0405
1393.2466,-1202.4518
1391.3689,-1205.9126
1388.7914,-1206.3287
1386.2549,-1206.9268
1384.3555,-1210.4148
1381.9313,-1211.5623
1378.5676,-1208.3733
1376.1089,-1209.3403
1373.8778,-1211.3951
1369.6847,-1204.095
1367.0143,-1203.9897
1364.4564,-1204.422
1361.6107,-1203.4293
1358.986,-1203.5087
1356.3984,-1203.7683
1353.8124,-1204.0298
1351.3306,-1204.8279
1348.3047,-1202.7802
1346.0277,-1204.6478
1342.7532,-1201.1893
1338.696,-1193.3785
1336.271,-1194.349
1333.5623,-1193.7504
1331.044,-1194.2009
1328.6174,-1195.1774
1325.7975,-1193.8866
1323.3123,-1194.517
1320.768,-1194.8004
1318.138,-1194.5629
1315.5682,-1194.6758
1312.9723,-1194.6166
1310.4341,-1194.9075
1307.8423,-1194.852
1305.2261,-1194.6246
1302.6924,-1194.921
1300.1075,-1194.8713
1297.4995,-1194.65
1295.0205,-1195.2999
1292.5654,-1196.126
1290.0599,-1196.6061
1287.5543,-1197.0883
1284.7417,-1195.3103
1282.3103,-1196.317
1279.8536,-1197.1526
1277.1935,-1196.4242
1274.7147,-1197.0894
1272.1268,-1196.8868
1269.5842,-1197.0342
1267.1261,-1197.879
1264.6251,-1198.3783
1262.1439,-1199.0541
1259.5829,-1199.0347
1256.966,-1198.4951
1254.3722,-1198.1323
1251.6898,-1196.9043
1249.141,-1196.8938
1246.7349,-1198.2733
1244.1346,-1197.7457
1241.7745,-1199.652
1239.2592,-1199.9966
1236.6632,-1199.4734
1234.1498,-1199.8217
1231.7285,-1201.2168
1229.3027,-1202.6165
1226.8138,-1203.321
1224.124,-1201.5837
1221.6509,-1202.4652
1219.1484,-1203.0005
1216.6188,-1203.1887
1214.0642,-1203.0298
1211.4995,-1202.6986
1208.8544,-1201.1522
1206.5049,-1203.9608
1203.7661,-1200.8511
1201.2677,-1201.3978
1198.6443,-1199.8651
1195.9304,-1196.6152
1193.5076,-1198.3716
1190.896,-1196.6827
1188.3108,-1195.3448
1185.8324,-1196.0702
1183.2806,-1195.2526
1180.7714,-1195.2949
1178.2488,-1194.9965
1175.6814,-1193.5032
1173.211,-1194.4061
1170.6898,-1193.9432
1168.1941,-1194.1659
1165.73,-1195.4169
1163.2224,-1195.301
1160.7434,-1196.2142
1158.2858,-1198.1611
1155.8208,-1200.1158
1153.318,-1200.5228
1150.7966,-1199.8967
1148.3202,-1202.0339
1145.7739,-1199.3411
1143.2175,-1194.4426
1140.7374,-1196.0511
1138.2368,-1195.2704
1135.7443,-1195.5162
1133.2533,-1196.7898
1130.7583,-1196.6975
1128.2631,-1197.1202
1125.765,-1197.8875
1123.2767,-1196.9446
1120.7804,-1197.3727
1118.281,-1197.974
1115.7891,-1197.8923
1113.2845,-1198.669
1110.7865,-1198.9335
1108.281,-1199.543
1105.7773,-1199.983
1103.2766,-1200.2534
1100.7799,-1200.3539
1098.2682,-1200.9716
1095.776,-1200.904
1093.2557,-1201.6975
1090.8062,-1200.4314
1088.291,-1201.0562
1085.7874,-1201.3395
1083.3627,-1199.7382
1080.854,-1200.196
1078.3357,-1200.8275
1075.8652,-1200.4325
1073.3269,-1201.4105
1070.8123,-1201.8766
1068.2958,-1202.3446
1065.8767,-1201.0981
1063.4222,-1200.5409
1060.9282,-1200.6708
1058.434,-1200.8022
1055.9736,-1200.4221
1053.3744,-1202.0988
1051.0833,-1199.3267
1048.5549,-1199.9772
1045.9598,-1201.4856
1043.5966,-1199.9171
1041.0637,-1200.5729
1038.4865,-1201.7443
1036.0337,-1201.3773
1033.5386,-1201.5254
1031.1036,-1200.9911
1028.4545,-1202.8541
1025.9244,-1203.3502
1022.9348,-1208.6759
1020.3228,-1209.8726
1017.809,-1210.031
1015.27716,-1210.3645
1012.6361,-1211.7428
1010.1362,-1211.7322
1007.6928,-1211.2017
1005.137,-1211.7158
1002.79364,-1210.3208
1000.25775,-1210.6638
997.7406,-1210.835
995.40814,-1209.4478
992.7673,-1210.6614
990.5475,-1208.4138
988.0555,-1208.4181
985.4312,-1209.4612
983.6064,-1204.3027
981.03253,-1204.9985
978.4554,-1205.6964
976.03864,-1205.1941
973.45776,-1205.8953
971.5467,-1201.8038
968.97015,-1202.5044
966.43976,-1202.8656
965.3502,-1193.4038
962.763,-1194.2681
960.14624,-1195.3031
958.01465,-1193.1448
955.4742,-1193.677
954.11487,-1186.7003
952.00964,-1184.5818
949.4048,-1185.6073
948.2514,-1177.7596
945.7401,-1178.2864
943.25397,-1178.6514
941.8194,-1172.8442
939.0363,-1174.9899
937.2062,-1171.6373
934.8178,-1171.52
932.2277,-1172.5326
929.63306,-1173.5477
927.44946,-1172.3031
923.82544,-1178.8402
920.0659,-1185.9497
917.49255,-1186.661
914.11676,-1191.5297
911.0385,-1194.7605
908.5384,-1194.9817
906.47034,-1193.0259
903.7371,-1194.421
901.54205,-1193.1385
901.32306,-1182.2664
898.33514,-1184.9563
897.9438,-1175.2152
895.65344,-1174.6298
893.12244,-1175.1785
893.42883,-1162.5978
890.9223,-1163.1385
889.21423,-1160.0471
889.52026,-1147.9686
886.6601,-1150.199
886.09106,-1142.2896
883.7612,-1142.2101
881.25433,-1142.8942
880.65234,-1135.3997
878.1565,-1136.079
876.0852,-1134.9552
875.48193,-1127.7269
872.9251,-1128.6982
827.8225,-1174.977
824.81006,-1177.1704
822.1931,-1177.9102
2084.9766,-1341.29
2081.4568,-1341.8278
2076.8022,-1340.8417
2053.7224,-1315.0552
2048.4956,-1313.1646
2049.5618,-1319.7864
2044.6866,-1318.3698
2039.8298,-1316.9594
2032.0055,-1311.4479
2024.439,-1306.2328
2021.7421,-1307.7266
2012.4042,-1299.9553
2009.2151,-1300.7303
2006.8651,-1302.6881
2002.8397,-1302.2837
1999.322,-1302.5897
1993.9958,-1300.3053
1993.2883,-1304.623
1987.9807,-1302.336
1974.6909,-1288.448
1971.4071,-1288.9941
1968.2852,-1289.7719
1964.6963,-1289.8605
1961.1151,-1289.9507
1957.852,-1290.5026
1894.8176,-1202.0667
1887.733,-1196.4993
1870.3091,-1175.3308
1879.8275,-1194.6415
1864.3519,-1176.2078
1861.6896,-1177.1195
1858.6594,-1177.4672
1858.0953,-1181.5995
1862.0118,-1192.6816
1856.5911,-1189.3674
1868.0132,-1212.2697
1865.5458,-1213.6211
1862.3132,-1213.7723
1859.5936,-1214.7263
1857.5079,-1216.6862
1844.959,-1201.9672
1836.4567,-1193.5862
1835.7185,-1197.6188
1823.9292,-1183.8093
1820.5981,-1183.6051
1819.7109,-1187.3788
1818.3539,-1190.4099
1815.1342,-1190.3936
1815.1613,-1195.7421
1813.6752,-1198.617
1809.8683,-1197.6335
1811.8552,-1206.3561
1809.4257,-1207.7054
1800.7933,-1198.5525
1786.3481,-1179.4141
1783.1,-1179.2302
1781.3763,-1181.6553
1778.6737,-1182.4054
1776.2961,-1183.7179
1775.6432,-1188.0398
1773.151,-1189.1741
1770.0154,-1189.1782
1768.8097,-1192.5854
1765.7817,-1192.7797
1765.1022,-1197.1581
1762.8171,-1198.6904
1760.2123,-1199.6521
1756.4467,-1198.5116
1753.3239,-1198.52
1750.2069,-1198.5302
1744.9274,-1194.5549
1741.0173,-1193.0603
1729.9286,-1178.2023
1722.9005,-1170.7632
1719.5131,-1170.076
1715.9451,-1169.0319
1712.2008,-1167.6333
1709.9778,-1169.1128
1704.8531,-1165.0358
1703.4728,-1168.1226
1697.1993,-1161.7545
1694.6255,-1162.5146
1691.4192,-1162.036
1690.2043,-1165.4615
1687.6312,-1166.2273
1685.2386,-1167.3513
1683.472,-1169.7292
1680.8981,-1170.5011
1679.2144,-1173.0703
1677.2598,-1175.1079
1673.9757,-1174.4446
1668.7815,-1169.8444
1666.1351,-1170.443
1663.0605,-1170.1506
1657.2758,-1164.1904
1650.9817,-1157.0853
1641.1487,-1142.418
1637.0759,-1139.805
1634.364,-1140.0605
1631.5774,-1140.1493
1629.2623,-1141.2484
1627.2571,-1143.0242
1629.7052,-1154.5371
1625.9567,-1152.5624
1618.1642,-1141.6206
1616.9921,-1145.255
1613.7692,-1144.3387
1603.7723,-1128.1671
1601.4927,-1129.2554
1599.7893,-1131.6595
1598.0817,-1134.073
1595.2212,-1133.8517
1595.6604,-1141.2621
1594.5858,-1145.2249
1590.7771,-1142.8173
1596.7991,-1163.5538
1598.8293,-1175.0635
1589.2205,-1158.9241
1583.0529,-1150.8396
1580.603,-1151.631
1578.6427,-1153.6135
1576.2607,-1154.58
1573.5325,-1154.6968
1571.9093,-1157.5444
1569.1812,-1157.6635
1566.4567,-1157.7838
1564.8885,-1160.8177
1562.2986,-1161.2837
1560.8552,-1164.6802
1559.6082,-1168.6173
1557.6804,-1170.8322
1555.2122,-1171.6561
1553.1438,-1173.532
1550.6736,-1174.3608
1548.6658,-1176.4219
1545.9307,-1176.5524
1544.6378,-1180.5654
1542.0951,-1181.2292
1539.0355,-1180.4785
1537.2704,-1183.2722
1534.6647,-1183.7644
1531.997,-1184.0807
1529.648,-1185.2876
1527.5496,-1187.2112
1523.4482,-1183.4423
1519.7478,-1180.761
1516.4949,-1179.3257
1513.9175,-1179.8273
1511.2815,-1180.1548
1508.8263,-1181.0116
1506.2526,-1181.5186
1503.6215,-1181.8511
1501.5178,-1183.772
1499.3519,-1185.5222
1496.6045,-1185.5062
1493.9755,-1185.846
1491.0645,-1185.3033
1489.8557,-1190.0806
1487.8452,-1192.3881
1485.4357,-1193.4506
1482.969,-1194.3365
1479.7825,-1192.8986
1477.9242,-1195.757
1474.0413,-1191.9998
1471.3679,-1192.1772
1468.5905,-1192.0009
1465.8705,-1192.0044
1463.2588,-1192.3654
1460.1296,-1190.9523
1457.3202,-1190.6078
1454.9235,-1191.683
1451.6667,-1189.7498
1449.2732,-1190.8264
1446.8285,-1191.7289
1444.0387,-1191.3942
1441.4,-1191.5923
1438.8121,-1191.9691
1435.9866,-1191.4637
1433.4513,-1192.0206
1431.2932,-1193.9961
1428.616,-1194.0258
1426.1732,-1194.9437
1426.5133,-1206.623
1423.3971,-1205.0271
1424.0889,-1218.3815
1423.8499,-1228.2772
1421.0592,-1228.1172
1416.524,-1220.8788
1413.8049,-1220.9136
1410.3739,-1217.9973
1402.9875,-1198.5022
1400.8398,-1200.6884
1398.4343,-1201.8099
1395.819,-1202.0405
1393.2466,-1202.4518
1391.3689,-1205.9126
1388.7914,-1206.3287
1386.2549,-1206.9268
1384.3555,-1210.4148
1381.9313,-1211.5623
1378.5676,-1208.3733
1376.1089,-1209.3403
1373.8778,-1211.3951
1369.6847,-1204.095
1367.0143,-1203.9897
1364.4564,-1204.422
1361.6107,-1203.4293
1358.986,-1203.5087
1356.3984,-1203.7683
1353.8124,-1204.0298
1351.3306,-1204.8279
1348.3047,-1202.7802
1346.0277,-1204.6478
1342.7532,-1201.1893
1338.696,-1193.3785
1336.271,-1194.349
1333.5623,-1193.7504
1331.044,-1194.2009
1328.6174,-1195.1774
1325.7975,-1193.8866
1323.3123,-1194.517
1320.768,-1194.8004
1318.138,-1194.5629
1315.5682,-1194.6758
1312.9723,-1194.6166
1310.4341,-1194.9075
1307.8423,-1194.852
1305.2261,-1194.6246
1302.6924,-1194.921
1300.1075,-1194.8713
1297.4995,-1194.65
1295.0205,-1195.2999
1292.5654,-1196.126
1290.0599,-1196.6061
1287.5543,-1197.0883
1284.7417,-1195.3103
1282.3103,-1196.317
1279.8536,-1197.1526
1277.1935,-1196.4242
1274.7147,-1197.0894
1272.1268,-1196.8868
1269.5842,-1197.0342
1267.1261,-1197.879
1264.6251,-1198.3783
1262.1439,-1199.0541
1259.5829,-1199.0347
1256.966,-1198.4951
1254.3722,-1198.1323
1251.6898,-1196.9043
1249.141,-1196.8938
1246.7349,-1198.2733
1244.1346,-1197.7457
1241.7745,-1199.652
1239.2592,-1199.9966
1236.6632,-1199.4734
1234.1498,-1199.8217
1231.7285,-1201.2168
1229.3027,-1202.6165
1226.8138,-1203.321
1224.124,-1201.5837
1221.6509,-1202.4652
1219.1484,-1203.0005
1216.6188,-1203.1887
1214.0642,-1203.0298
1211.4995,-1202.6986
1208.8544,-1201.1522
1206.5049,-1203.9608
1203.7661,-1200.8511
1201.2677,-1201.3978
1198.6443,-1199.8651
1195.9304,-1196.6152
1193.5076,-1198.3716
1190.896,-1196.6827
1188.3108,-1195.3448
1185.8324,-1196.0702
1183.2806,-1195.2526
1180.7714,-1195.2949
1178.2488,-1194.9965
1175.6814,-1193.5032
1173.211,-1194.4061
1170.6898,-1193.9432
1168.1941,-1194.1659
1165.73,-1195.4169
1163.2224,-1195.301
1160.7434,-1196.2142
1158.2858,-1198.1611
1155.8208,-1200.1158
1153.318,-1200.5228
1150.7966,-1199.8967
1148.3202,-1202.0339
1145.7739,-1199.3411
1143.2175,-1194.4426
1140.7374,-1196.0511
1138.2368,-1195.2704
1135.7443,-1195.5162
1133.2533,-1196.7898
1130.7583,-1196.6975
1128.2631,-1197.1202
1125.765,-1197.8875
1123.2767,-1196.9446
1120.7804,-1197.3727
1118.281,-1197.974
1115.7891,-1197.8923
1113.2845,-1198.669
1110.7865,-1198.9335
1108.281,-1199.543
1105.7773,-1199.983
1103.2766,-1200.2534
1100.7799,-1200.3539
1098.2682,-1200.9716
1095.776,-1200.904
1093.2557,-1201.6975
1090.8062,-1200.4314
1088.291,-1201.0562
1085.7874,-1201.3395
1083.3627,-1199.7382
1080.854,-1200.196
1078.3357,-1200.8275
1075.8652,-1200.4325
1073.3269,-1201.4105
1070.8123,-1201.8766
1068.2958,-1202.3446
1065.8767,-1201.0981
1063.4222,-1200.5409
1060.9282,-1200.6708
1058.434,-1200.8022
1055.9736,-1200.4221
1053.3744,-1202.0988
1051.0833,-1199.3267
1048.5549,-1199.9772
1045.9598,-1201.4856
1043.5966,-1199.9171
1041.0637,-1200.5729
1038.4865,-1201.7443
1036.0337,-1201.3773
1033.5386,-1201.5254
1031.1036,-1200.9911
1028.4545,-1202.8541
1025.9244,-1203.3502
1022.9348,-1208.6759
1020.3228,-1209.8726
1017.809,-1210.031
1015.27716,-1210.3645
1012.6361,-1211.7428
1010.1362,-1211.7322
1007.6928,-1211.2017
1005.137,-1211.7158
1002.79364,-1210.3208
1000.25775,-1210.6638
997.7406,-1210.835
995.40814,-1209.4478
992.7673,-1210.6614
990.5475,-1208.4138
988.0555,-1208.4181
985.4312,-1209.4612
983.6064,-1204.3027
981.03253,-1204.9985
978.4554,-1205.6964
976.03864,-1205.1941
973.45776,-1205.8953
971.5467,-1201.8038
968.97015,-1202.5044
966.43976,-1202.8656
965.3502,-1193.4038
962.763,-1194.2681
960.14624,-1195.3031
958.01465,-1193.1448
955.4742,-1193.677
954.11487,-1186.7003
952.00964,-1184.5818
949.4048,-1185.6073
948.2514,-1177.7596
945.7401,-1178.2864
943.25397,-1178.6514
941.8194,-1172.8442
939.0363,-1174.9899
937.2062,-1171.6373
934.8178,-1171.52
932.2277,-1172.5326
929.63306,-1173.5477
927.44946,-1172.3031
923.82544,-1178.8402
920.0659,-1185.9497
917.49255,-1186.661
914.11676,-1191.5297
911.0385,-1194.7605
908.5384,-1194.9817
906.47034,-1193.0259
903.7371,-1194.421
901.54205,-1193.1385
901.32306,-1182.2664
898.33514,-1184.9563
897.9438,-1175.2152
895.65344,-1174.6298
893.12244,-1175.1785
893.42883,-1162.5978
890.9223,-1163.1385
889.21423,-1160.0471
889.52026,-1147.9686
886.6601,-1150.199
886.09106,-1142.2896
883.7612,-1142.2101
881.25433,-1142.8942
880.65234,-1135.3997
878.1565,-1136.079
876.0852,-1134.9552
875.48193,-1127.7269
872.9251,-1128.6982
827.8225,-1174.977
824.81006,-1177.1704
822.1931,-1177.9102
